5 -110.876871 14.892681 -42.036212 30.544754 89.029033 41.277555 -95.186128 36.230468 36.124725
8 -12.542115 -7.904679 -17.020617 -34.374940 0.643212 -28.020530 44.031382 61.833336 -6.645051
7 0.768401 19.535216 -37.075972 10.728614 10.681443 -82.965119 91.387874 -12.372876 -0.687585
3 43.549903 20.630877 64.495064 3.247740 -72.890594 -4.154853 -2.662956 -80.164446 27.949260
3 35.900127 42.124834 47.551038 2.199634 -46.110608 -27.017410 -0.674907 -78.346029 24.373314
7 10.101746 -6.603897 -29.813411 -4.022244 -3.185123 -54.756756 87.458493 11.412745 -10.591553
7 12.033173 -8.540833 -28.952706 -5.049336 -4.965285 -52.899440 86.833178 12.634345 -11.093097
3 22.630284 28.922793 82.782204 -5.906173 -81.150725 0.793734 -7.107297 -74.034014 33.069188
3 28.341979 15.498737 64.943597 -30.293842 -54.790049 26.200994 -70.073343 -24.362669 44.534593
7 -2.595448 15.430564 -37.123597 7.936571 11.426455 -77.578052 92.069640 -6.364131 -3.202005
3 7.147645 35.416140 49.282191 -3.256389 -35.422992 -1.011710 -43.085531 -51.328683 42.259324
7 2.766999 20.691356 -36.811595 11.641634 9.836955 -84.696379 90.913842 -14.577847 0.235032
6 -61.506588 16.951446 53.566592 -52.770375 -2.396844 59.601253 -103.793860 33.806507 56.541866
2 23.703124 54.978291 23.636575 19.174398 -18.089109 -44.292257 1.465131 -82.923074 22.346914
5 -103.927144 10.654877 -36.210887 22.205674 81.184456 46.280147 -98.659099 44.136935 34.335045
7 -2.792073 11.906319 -36.515622 5.844013 10.440020 -73.495591 91.931865 -2.501916 -4.817018
8 -18.490967 -26.478783 -4.521228 -63.641369 -3.171170 13.172232 -15.267868 110.600439 7.798714
8 -4.622343 -64.718612 -32.932935 -17.316104 -0.361987 34.430913 -20.948136 97.823086 8.646125
9 -53.255361 19.657203 40.715567 -36.149782 4.712575 48.824818 -103.219524 20.468736 58.245766
7 -11.265576 -1.462239 -22.894973 -25.696518 4.860466 -41.691094 61.487100 46.351394 -9.688563
3 11.774840 15.118881 107.355858 -37.535126 -94.974737 38.158883 -52.396081 -37.198149 49.695625
3 35.513549 43.675158 47.196599 1.186480 -44.888048 -28.325877 -0.742192 -77.769754 24.154078
4 21.732688 21.301273 -47.649282 123.050199 19.510565 -48.178026 23.109334 -135.898670 23.021923
9 7.570145 -14.912128 42.027511 -2.093802 -35.755643 63.243324 -116.601977 -6.879733 63.402306
4 49.929671 7.201405 -35.452466 105.230090 -1.001702 -37.314155 22.136900 -130.607342 19.877603
7 -11.638005 -3.557184 -20.900023 -28.433191 3.328098 -37.281137 55.986493 51.303534 -8.808585
7 12.628481 -9.126177 -28.689056 -5.361090 -5.510234 -52.340266 86.642167 12.998886 -11.242712
8 13.238239 -46.990568 -14.880070 -21.723664 -26.335779 10.217173 17.727216 90.298605 -21.551150
8 -13.034035 -9.963796 -15.311466 -37.314880 -0.386696 -23.582917 38.108173 66.941609 -5.455994
1 57.829286 18.388982 35.466867 21.209013 -51.960125 -17.288430 3.899333 -89.900079 22.355151
9 -40.673495 14.419769 53.529144 -2.778232 -24.082387 48.878085 -108.469970 -18.032292 77.209375
2 24.342822 54.060883 24.251086 19.249887 -19.234569 -43.515535 1.673393 -83.232874 22.404902
3 25.829118 17.729012 110.198440 -25.922018 -108.376250 22.551844 -17.717856 -62.085378 37.793081
6 -95.445797 3.413433 -1.827331 2.699949 46.694415 63.837289 -103.969274 42.514169 42.083150
3 -5.978416 -0.499837 72.827907 -35.320719 -50.382145 65.319206 -119.196975 2.875226 70.355751
6 -77.838200 -24.767427 -4.656897 2.763045 34.810355 95.913414 -135.637910 84.236630 25.176996
8 -43.617363 -18.258415 -2.432349 -59.659727 22.066272 46.884659 -79.341727 111.739935 22.618718
9 3.034266 9.064067 22.997830 12.739562 -13.585839 27.794968 -87.818640 -28.984837 54.758622
8 -13.954715 -13.404843 -12.640547 -42.409125 -1.756016 -16.089456 27.827170 75.655856 -3.228327
7 -0.538642 6.330601 -34.920315 2.784993 7.324983 -67.544112 91.022695 2.401926 -6.862130
3 24.832959 33.050263 69.700118 -0.660416 -68.088276 -8.088038 -5.561930 -75.987711 30.803025
4 -9.692499 63.530430 -33.706081 90.200558 35.448134 -70.116033 16.640254 -116.586639 24.281874
3 17.774225 4.870789 77.927547 -26.239275 -69.006320 43.111562 -75.063410 -25.579977 52.204855
5 -105.735859 11.677291 -37.706981 24.441164 83.171323 45.087976 -97.829009 42.100111 34.793990
6 -67.735923 -31.727797 0.205326 6.222778 23.748609 99.199315 -132.963440 74.043015 29.008123
9 -41.443595 15.009533 51.028726 -0.471119 -21.671962 47.480453 -107.912444 -19.081858 77.062264
5 -114.659035 17.570216 -45.277681 34.773048 93.538993 38.073721 -92.985929 31.837341 37.129330
1 84.781763 17.397385 17.615470 12.154115 -41.971467 -33.406090 12.267414 -82.743688 13.905097
3 27.377949 34.292351 80.322342 -13.218569 -76.338436 -5.281836 -7.432972 -70.485794 30.764958
1 92.580132 8.242203 46.541092 -5.949418 -69.382718 -10.684287 1.083493 -79.354801 16.924302
7 14.585833 -11.018768 -27.824503 -6.375467 -7.293666 -50.535047 86.011694 14.172845 -11.722922
7 11.495171 -8.006606 -29.192384 -4.765014 -4.470465 -53.411490 87.008086 12.298058 -10.955356
7 -11.336059 -1.881360 -22.489112 -26.238733 4.541507 -40.811285 60.399453 47.336572 -9.520984
6 -93.832827 0.617362 -6.785577 6.705615 49.395825 65.217650 -106.304429 45.240586 39.745799
7 12.443872 -8.945167 -28.770562 -5.264536 -5.341587 -52.512876 86.701257 12.886195 -11.196596
2 34.138424 39.072285 34.043722 19.246433 -36.878800 -29.965400 2.648447 -86.411409 24.106293
3 4.009178 33.252604 65.467124 -7.255799 -51.949941 5.278079 -38.151954 -54.028525 43.379228
4 39.226611 15.669655 -34.536720 103.738877 4.078607 -41.632829 21.150948 -128.660975 20.965829
9 -43.423189 17.161233 43.067644 6.204601 -13.871271 42.734649 -106.192961 -22.108847 76.428140
9 -42.700649 12.318040 55.242905 -0.519308 -26.540955 51.627543 -108.574584 -19.076103 78.223110
1 58.217938 26.615159 2.765411 42.503338 -20.909542 -37.810069 10.729264 -99.956892 17.845393
6 -70.622388 -5.915637 52.344352 -27.272129 -12.434823 82.375060 -108.357981 32.328375 57.555172
9 -41.582397 19.093253 41.474410 4.163150 -11.595288 40.202903 -106.090163 -21.166657 75.500789
6 -50.929930 -5.723539 -5.293188 22.884092 28.402940 55.154315 -104.971039 10.335255 50.141097
6 -77.187568 12.740121 31.245370 -24.292179 16.756619 58.485189 -100.042286 27.803759 54.490975
7 -11.497761 -2.793037 -21.617790 -27.427204 3.869440 -38.892523 58.010161 49.490040 -9.141328
2 26.451849 50.873671 26.340685 19.321826 -23.035763 -40.678762 2.004722 -84.008330 22.730097
1 74.508614 25.001171 38.559244 -4.369424 -52.641687 -26.355019 4.443736 -76.424266 17.277627
1 50.777922 28.765953 43.550985 8.061867 -51.894169 -20.901690 1.190467 -82.364730 22.813390
9 -41.682378 16.302870 47.689129 1.442382 -18.214258 45.076841 -107.255662 -19.943994 76.585068
5 -108.127711 13.115033 -39.709334 27.330308 85.858949 43.392837 -96.650718 39.382554 35.408086
2 22.402297 56.716849 22.434759 18.882825 -15.776999 -45.655516 0.761263 -82.098358 22.332875
2 25.550145 52.257059 25.438992 19.314921 -21.407715 -41.927264 1.909808 -83.709568 22.573617
9 -41.438607 13.852872 53.675397 -1.701391 -24.475731 49.522698 -108.413955 -18.528311 77.507027
9 -5.344383 10.881897 54.256328 -4.400907 -39.585477 37.144954 -83.595641 -28.489348 59.132575
7 70.503532 11.179057 -17.671099 -10.795384 -27.554500 -86.718176 83.000090 -25.141355 3.197832
5 -136.677056 28.650738 -59.547270 61.231308 111.801901 22.687886 -78.942482 5.488218 45.306762
9 -48.192384 3.394017 67.182511 2.261155 -40.954351 64.744278 -110.242769 -20.395822 82.203362
9 -43.205159 16.657586 44.560643 5.181109 -15.381610 43.730392 -106.498663 -21.646182 76.601882
6 -94.798690 2.267866 -3.862066 4.365127 47.802299 64.400067 -104.918007 43.608871 41.134537
4 19.731165 22.936471 -48.050371 123.622666 20.811096 -49.473812 23.636718 -136.355347 23.141418
3 49.655712 33.667071 61.664166 -12.857098 -63.423794 -16.743078 -3.611951 -72.248472 23.897439
9 -13.320146 23.495922 12.134498 46.793033 -5.688629 2.350335 -50.338045 -64.566077 49.139107
8 -20.550309 -31.362409 -2.193481 -72.209621 -2.388403 24.373919 -32.754492 124.280994 12.803801
2 28.525616 47.652108 28.429079 19.281261 -26.779394 -37.733321 2.117868 -84.619899 23.126678
2 34.673763 38.274951 34.570838 19.261406 -37.836808 -29.258418 2.739177 -86.608963 24.184050
6 -92.678882 -9.254346 5.116447 -4.161515 36.158665 82.904054 -118.980104 65.561950 35.333735
9 -40.771820 16.208607 49.292206 -0.670380 -19.624107 45.674243 -107.657695 -18.981207 76.530152
3 31.564320 21.664494 102.696746 -27.755975 -103.353561 10.228717 -7.983994 -60.481421 33.420666
3 10.459870 17.814696 75.289708 -19.798345 -63.453788 27.291619 -58.827666 -37.848088 49.071989
3 27.830385 35.909889 80.372059 -15.229079 -75.507543 -6.678630 -7.461718 -69.591772 30.356402
3 -2.864738 27.476529 55.637496 32.549572 -54.809291 -1.355264 -10.732953 -85.257155 39.355799
8 -2.730960 -59.672488 17.140614 -89.771110 -25.637343 74.370134 -86.567580 161.710729 11.158007
4 22.083039 21.016897 -47.577700 122.948776 19.282132 -47.952801 23.019074 -135.819565 23.000152
3 31.242591 25.944889 41.498370 18.842000 -46.518215 -11.172075 -11.329639 -78.161662 29.653738
7 -19.077246 2.604270 33.547685 -54.351626 -44.266683 -34.257925 88.867341 23.965991 2.968188
5 -114.461981 17.423893 -45.107340 34.558355 93.299450 38.249416 -93.105979 32.067644 37.076547
6 -81.139546 -15.994708 21.764464 -13.181740 15.695174 90.878089 -119.354785 61.611451 39.721605
4 12.391909 16.540741 -54.526912 142.867002 22.582131 -46.198292 27.011804 -146.068821 25.400442
3 43.598969 13.481810 97.671035 -19.981665 -103.722909 15.640133 -9.734894 -69.156545 32.204060
1 91.721713 8.739658 47.636859 -6.813311 -69.907327 -10.459360 0.804966 -78.860084 17.136884
9 -41.383070 15.898017 49.071957 0.351127 -19.584177 45.933521 -107.549719 -19.449112 76.711453
9 -41.003165 15.919585 49.624647 -0.486370 -20.043486 46.084669 -107.694253 -19.069342 76.667712
6 -71.655865 -6.300864 30.091863 -48.452891 16.335253 86.213453 -122.803281 84.110011 32.462323
1 88.246057 14.370488 14.213366 14.416598 -41.722136 -34.216233 14.500920 -82.945953 13.136893
3 11.917986 21.905869 86.191542 -7.874783 -81.166508 16.238506 -26.019131 -62.498368 41.304880
8 -14.257975 -14.450783 -11.875064 -44.001758 -2.085239 -13.793352 24.608827 78.347570 -2.492229
3 37.605065 21.502758 89.324481 -19.132620 -90.840648 8.860950 -14.184903 -63.976060 30.840971
4 -12.663018 36.826409 -16.546713 102.164993 7.388266 -39.857790 11.710209 -121.079141 32.056784
7 -0.336126 5.992053 -34.806615 2.603791 7.095954 -67.195315 90.949972 2.669992 -6.973709
8 -13.581328 -12.062230 -13.655439 -40.394727 -1.273428 -19.024320 31.894134 72.230493 -4.133156
2 32.633799 41.333940 32.550785 19.225503 -34.178695 -31.987491 2.433983 -85.883855 23.872027
7 12.708431 -9.204034 -28.653590 -5.403277 -5.583161 -52.265529 86.616015 13.048151 -11.263008
6 -68.409601 -22.040823 37.009182 -39.739645 0.963857 104.775210 -133.544899 88.493723 32.492998
3 23.850177 34.192668 89.091563 -19.090307 -82.927828 -0.508819 -10.314317 -66.785509 32.492366
4 36.842287 9.245865 -48.700433 125.771152 11.804361 -42.272312 25.532419 -139.651231 21.427897
2 20.277294 44.724848 12.736293 38.624225 -13.305798 -38.427175 -0.092319 -89.975028 25.437657
2 26.647251 50.571284 26.536807 19.320548 -23.388632 -40.403859 2.019454 -84.069101 22.766242
1 91.274758 9.310815 46.403905 -5.920212 -68.549054 -11.357325 1.050720 -79.243107 17.029498
4 12.696915 40.371870 25.533101 42.968695 -27.738119 -30.927725 5.563213 -96.692037 28.224083
6 -82.239459 -16.584152 -12.165858 23.401028 41.477947 77.507791 -114.450725 45.448406 37.605029
6 -92.604854 -1.444669 -10.427903 9.527053 51.398336 66.256622 -108.054220 47.378546 37.971093
8 -18.025937 -25.316089 -5.125827 -61.646246 -3.264505 10.523883 -11.202322 107.387311 6.669732
3 3.712830 29.738708 76.328887 -3.840719 -66.632079 8.609835 -28.160700 -61.969038 42.212270
7 9.068280 -5.541000 -30.277798 -3.460386 -2.224540 -55.780296 87.794293 10.733448 -10.312002
7 -19.106444 -2.396898 40.818181 -56.680582 -52.786281 -26.929336 87.311822 25.729006 4.040525
2 23.788776 54.856697 23.718211 19.186884 -18.242566 -44.190622 1.496508 -82.966936 22.353041
8 -44.481538 -17.304914 -4.580658 -58.098942 24.426121 45.479462 -79.214760 111.448603 22.326628
6 -91.027826 -4.243604 -15.393392 13.178953 54.217937 67.720843 -110.431039 50.510940 35.467193
4 49.047883 19.866818 9.388705 50.834630 -29.505391 -28.032924 10.225767 -103.658336 21.832848
9 -42.026073 13.087681 54.509993 -1.194934 -25.551046 50.587689 -108.509133 -18.762701 77.858523
9 -41.573405 15.928123 48.726302 0.791966 -19.274939 45.795543 -107.463012 -19.651133 76.720554
9 -43.724695 16.216550 41.241945 -27.464033 -2.339321 48.695026 -105.630567 11.604015 61.401079
1 147.314837 -9.144268 5.986850 6.597638 -51.089557 -23.924768 10.502396 -89.658511 3.415385
9 -39.762501 15.697146 52.015572 -3.457007 -22.185476 47.061610 -108.281480 -17.715723 76.627857
9 20.439277 -18.221940 9.002446 45.691640 -22.284793 40.010213 -80.630170 -42.974213 48.967544
2 22.247691 56.910108 22.296507 18.830400 -15.502082 -45.793243 0.643551 -81.976128 22.343189
6 -93.174841 -0.486435 -8.735256 8.229908 50.463560 65.770794 -107.239299 46.369426 38.802147
2 27.048973 49.948914 26.940341 19.315377 -24.113484 -39.836405 2.045685 -84.190764 22.841357
9 -41.614890 16.186581 48.055006 1.172608 -18.581221 45.312897 -107.332359 -19.821466 76.622842
2 18.563801 63.381613 -15.743076 52.141251 18.459617 -67.759769 12.645485 -100.667919 18.978992
6 -73.256082 0.077673 -11.788352 32.778580 41.091827 51.835131 -99.603607 7.210287 51.654547
2 30.311577 44.881994 30.229940 19.240702 -30.003342 -35.199509 2.215295 -85.143581 23.466919
8 -40.396814 -25.137550 37.901058 -73.982277 -9.605276 79.672983 -95.485759 95.073981 31.959655
5 -109.151046 13.760063 -40.570319 28.538313 87.026402 42.627492 -96.119637 38.215220 35.673517
8 -13.921222 -13.290357 -12.726711 -42.234768 -1.717155 -16.341389 28.178483 75.360890 -3.307772
2 23.429754 55.358991 23.378566 19.130534 -17.601863 -44.605049 1.352053 -82.773889 22.330897
6 -72.145936 0.051094 26.205527 -12.560162 13.334801 68.205113 -104.984954 29.855272 52.039246
6 -72.296092 -6.544222 52.551292 -58.511416 -3.751442 91.750939 -118.039828 73.182877 41.657893
4 19.143999 16.015934 -31.224180 116.437489 3.058213 -37.041682 21.340147 -133.710685 25.980767
2 43.068658 43.269870 39.233957 2.618051 -39.419194 -33.057551 1.254264 -78.638440 21.670380
3 49.908604 33.344953 52.686803 -4.739545 -56.543760 -20.668803 -1.130520 -75.901665 23.043927
6 -91.786474 -2.852010 -12.917747 11.388736 52.793572 66.983246 -109.252813 48.915703 36.727792
7 14.795769 -11.219127 -27.732515 -6.483466 -7.483648 -50.344477 85.944355 14.296703 -11.773595
3 23.656027 31.220214 72.018754 -0.257370 -70.802787 -5.297411 -6.303197 -75.941115 31.706877
8 -28.549102 -31.069115 3.618834 -78.594268 3.729031 44.822070 -67.236087 133.678925 19.599713
2 25.353281 52.555268 25.244212 19.309745 -21.053816 -42.193872 1.882147 -83.639540 22.542571
4 23.795705 55.671239 -35.610995 74.263616 29.371409 -71.406500 18.370484 -111.769970 17.315012
8 -12.120382 -5.986493 -18.687605 -31.710902 1.743869 -32.123874 49.395359 57.147295 -7.657269
4 25.778108 31.914673 -2.016948 64.250654 -10.456866 -36.824917 8.212869 -105.364399 24.506825
6 -74.334432 -5.097223 -16.997134 20.526773 48.746012 60.082731 -105.215263 31.714705 40.573836
6 -77.344125 5.713277 34.815425 -18.877922 9.357359 66.037892 -102.104407 26.386665 56.015835
3 38.676644 17.381636 99.999089 -28.905096 -105.184510 8.581536 -3.850411 -58.897857 32.198960
7 12.046319 -8.553412 -28.946886 -5.056165 -4.977259 -52.887713 86.829261 12.641869 -11.096014
1 92.321717 10.861885 10.315684 16.923262 -41.483642 -35.171424 17.107166 -83.109736 12.235088
8 -12.716794 -8.655390 -16.387199 -35.439102 0.249466 -26.405449 41.889124 63.689311 -6.223970
2 22.930409 56.036943 22.912009 19.026278 -16.709803 -45.144686 1.099203 -82.468637 22.318277
9 -41.614890 16.186581 48.055006 1.172608 -18.581221 45.312897 -107.332359 -19.821466 76.622842
9 -41.926844 15.272743 49.686532 0.879354 -20.404124 46.785443 -107.606316 -19.695511 77.008720
6 -75.710196 -24.494384 -1.740169 1.482179 31.693737 94.621897 -132.094458 78.710452 27.530948
3 20.764091 31.901604 66.295060 1.699746 -63.599993 -5.524076 -11.483148 -73.058462 33.005173
7 -11.361589 -2.029110 -22.347504 -26.429161 4.430889 -40.501438 60.015641 47.683136 -9.460866
4 -5.422061 55.050646 -4.570208 66.077906 7.871935 -50.554376 7.025639 -103.667412 28.187928
4 13.783578 24.673780 -65.032705 142.841208 35.691163 -57.342169 28.542604 -145.819703 22.662248
1 86.303488 16.061369 16.112134 13.158411 -41.860223 -33.765008 13.256685 -82.834355 13.567497
8 -12.227473 -6.487839 -18.244422 -32.400183 1.442517 -31.054141 48.008084 58.364996 -7.401541
9 -66.044543 -1.945463 -21.862069 43.046415 46.029049 47.952401 -99.840423 2.134354 50.530283
3 10.830200 12.500523 111.563618 -37.837991 -99.842688 42.152694 -52.969263 -37.165498 50.768399
9 -41.682378 16.302870 47.689129 1.442382 -18.214258 45.076841 -107.255662 -19.943994 76.585068
9 -43.205159 16.657586 44.560643 5.181109 -15.381610 43.730392 -106.498663 -21.646182 76.601882
7 15.116977 -11.523764 -27.591991 -6.647237 -7.773924 -50.055053 85.841647 14.483488 -11.850142
7 8.706545 -5.163573 -30.440547 -3.261892 -1.887030 -56.144152 87.912181 10.490556 -10.212088
6 -92.600244 -1.453391 -10.443311 9.538819 51.407026 66.261561 -108.062300 47.388701 37.963143
8 -14.660858 -15.788312 -10.928033 -46.065976 -2.448095 -10.846021 20.433155 81.816290 -1.512150
3 -9.457421 13.435920 64.975978 21.044236 -60.630759 25.028396 -41.005635 -64.217203 50.826485
6 -77.098285 -5.746255 50.683312 -53.164522 -1.563490 90.743807 -116.495849 69.603012 43.038268
3 24.495725 34.160673 74.056367 -5.173925 -71.086493 -7.253035 -6.096192 -74.074956 30.971830
3 28.690673 22.091700 79.209935 -13.596499 -77.361453 9.861954 -24.036157 -60.476559 35.616401
8 -15.990704 -19.838197 -8.264412 -52.511619 -3.160840 -1.837176 7.371907 92.511832 1.719208
3 17.379563 18.052649 76.164263 -25.993164 -64.754216 26.275015 -59.298787 -34.774867 46.949540
8 -12.816864 -9.076727 -16.037633 -36.039532 0.038148 -25.498385 40.679013 64.733196 -5.981217
3 29.475895 36.427516 80.139501 -17.162517 -75.234639 -7.718819 -7.261258 -68.477442 29.811754
2 23.742914 54.922439 23.673096 19.180779 -18.158868 -44.246093 1.479907 -82.943705 22.349527
6 -91.020669 -4.257526 -15.418240 13.195562 54.232774 67.728596 -110.442953 50.528542 35.453921
4 23.647542 19.752986 -47.262957 122.503995 18.265077 -46.959271 22.629660 -135.475988 22.898960
7 -11.446963 -2.508877 -21.888176 -27.053256 4.075742 -39.491916 58.759922 48.815483 -9.261961
7 -0.259113 18.753139 -37.177017 10.151027 11.056169 -81.860015 91.621194 -11.040351 -1.245036
5 -118.571826 18.017200 -30.923645 31.137028 81.100086 41.918218 -90.676358 24.232408 43.766891
3 23.087899 32.034762 66.879402 3.733552 -66.010109 -7.864655 -5.648745 -77.532324 31.320211
3 28.690242 22.091493 79.210703 -13.593953 -77.363280 9.861383 -24.032936 -60.479392 35.615735
6 -103.143263 -10.160803 -4.323694 18.532640 42.853095 79.273487 -111.855522 48.518606 40.305460
6 -55.877098 -23.287718 -5.882649 -12.890249 33.799003 82.234170 -117.174700 73.055716 26.023531
1 56.076960 18.506640 34.739858 23.154014 -51.177499 -17.382343 4.123976 -90.726395 22.684787
6 -72.038705 -17.450085 -9.335211 18.394789 36.595291 76.485572 -114.372992 43.843562 37.877785
2 23.281807 55.562406 23.239544 19.103032 -17.337694 -44.769397 1.283452 -82.687782 22.324627
9 -41.834751 16.045906 48.063405 1.490264 -18.654269 45.465795 -107.309011 -19.969211 76.701871
2 27.273450 49.599920 27.167507 19.310560 -24.519846 -39.517057 2.058287 -84.257327 22.884500
2 26.514063 50.777892 26.402492 19.321563 -23.147324 -40.591740 2.009410 -84.027600 22.741238
1 90.880381 9.665547 46.184570 -5.779870 -68.135609 -11.661566 1.079474 -79.272497 17.039569
2 44.851422 66.379526 12.157648 1.984838 -4.180076 -62.995479 4.917011 -77.807567 14.692670
6 -91.670139 -3.059584 -13.285487 11.658708 53.002494 67.091913 -109.429069 49.148834 36.542334
3 23.211712 33.036634 65.229051 2.440809 -63.440008 -8.615772 -7.609736 -75.609887 31.357190
4 23.223105 20.094711 -47.348253 122.624428 18.540807 -47.227167 22.733515 -135.568077 22.926936
4 19.171565 23.396926 -48.161657 123.783621 21.173738 -49.840724 23.790217 -136.486461 23.172779
8 54.689449 -59.114575 -10.944329 -31.353551 -44.212635 4.578013 43.367063 68.522197 -25.531628
7 12.064812 -8.571450 -28.939869 -5.065038 -4.993077 -52.870821 86.823752 12.652668 -11.100976
1 91.342263 11.701872 11.239026 16.341970 -41.530144 -34.939658 16.477632 -83.084336 12.451374
6 23.011939 -14.791693 23.634012 -13.989621 -17.265748 57.196846 -119.670227 10.617463 51.257033
6 -93.324635 -0.235919 -8.292650 7.887100 50.220325 65.645018 -107.027461 46.110696 39.017531
4 28.028450 8.756002 11.310027 65.328114 -31.221651 -8.673079 -5.789091 -98.817625 31.078854
2 23.365222 55.448342 23.317183 19.118608 -17.485640 -44.677642 1.322562 -82.736836 22.328195
4 16.811923 25.351931 -48.630811 124.468489 22.702462 -51.406440 24.461831 -137.055369 23.295988
7 12.791749 -9.285725 -28.616503 -5.447024 -5.659587 -52.187634 86.589165 13.099178 -11.283621
7 -0.304625 5.940493 -34.788720 2.576258 7.060220 -67.142312 90.938737 2.710219 -6.990272
5 -113.833093 16.962062 -44.566622 33.869722 92.539553 38.801852 -93.483592 32.801877 36.908246
6 -46.347816 -22.583250 26.089971 -38.991131 5.767122 94.150571 -127.775429 79.053264 30.636701
7 14.002256 -10.459434 -28.081989 -6.074708 -6.763197 -51.068150 86.199548 13.827249 -11.581574
1 93.451361 7.768447 46.369798 -5.980682 -69.587944 -10.537342 1.142720 -79.413675 16.787314
5 -89.599227 12.212244 -8.067578 -10.275271 57.971520 52.884348 -100.286902 47.611800 37.549069
3 7.965370 27.618811 80.900550 -11.281995 -71.028150 12.430345 -31.936910 -57.173898 42.505872
8 -75.698456 7.018275 -7.804198 -27.970071 50.873639 45.245062 -87.804612 62.106062 34.034300
3 32.403265 23.701391 90.808460 -16.733975 -90.932575 7.183879 -10.444706 -68.596467 32.610721
8 -19.870655 -29.791350 -2.907532 -69.421927 -2.704583 20.757413 -27.061687 119.850040 11.150282
9 -0.927140 10.907894 53.681587 -4.459259 -40.706484 34.963730 -80.221399 -30.067714 56.828783
7 1.015570 3.934123 -34.085518 1.512913 5.630715 -65.098945 90.474846 4.244432 -7.628139
3 33.870996 33.207728 81.966532 -18.644951 -78.821246 -4.930326 -7.772796 -68.427620 29.551676
2 29.964518 45.420427 29.878640 19.246728 -29.374445 -35.691339 2.193016 -85.039218 23.401667
6 -80.442869 -24.995946 17.151381 -10.843536 16.520867 102.441092 -132.190631 80.362971 31.996676
8 -12.615354 -8.224135 -16.749502 -34.826723 0.472856 -27.333743 43.122798 62.621585 -6.467783
1 69.969593 32.887213 37.706592 -5.978034 -46.159698 -29.948879 1.391759 -76.930259 17.061710
1 61.839732 6.718577 36.169610 17.097301 -55.138642 -1.114321 -16.090189 -72.775568 23.293501
3 13.851155 26.120095 89.387313 -25.743040 -77.741209 17.770822 -38.611671 -48.087506 43.054034
2 25.934460 42.208455 36.603414 20.204338 -36.531656 -29.993488 2.266148 -86.434601 25.742925
3 19.250847 31.971780 67.670553 0.857113 -64.262351 -4.428893 -12.635486 -72.118109 33.694541
8 -78.884881 8.133436 -4.660902 -26.048401 50.684298 50.435116 -94.226448 59.944979 34.622805
6 -96.662832 5.753611 2.365280 -0.820869 44.393826 62.693667 -102.071073 40.357829 43.990564
1 134.808289 -1.658630 -1.804992 15.834787 -39.511242 -30.946689 11.995070 -93.054863 4.338271
9 -40.673495 14.419769 53.529144 -2.778232 -24.082387 48.878085 -108.469970 -18.032292 77.209375
1 93.586402 8.009024 45.855839 -5.866853 -69.044199 -10.970504 1.233665 -79.469143 16.665765
2 23.611227 55.107273 23.549295 19.160232 -17.924751 -44.398831 1.428480 -82.873781 22.340852
7 -11.387410 -2.175635 -22.207283 -26.619152 4.322087 -40.193442 59.632819 48.028667 -9.400651
4 11.845213 46.859951 -39.046411 96.698659 27.973854 -63.462082 20.163755 -122.489624 21.456686
2 45.552596 65.602713 12.458404 1.977688 -4.927867 -62.373396 4.898482 -77.881942 14.693315
6 -91.153628 -4.004168 -14.965207 12.873731 53.968169 67.592578 -110.229334 50.231046 35.686819
9 -41.582397 19.093253 41.474410 4.163150 -11.595288 40.202903 -106.090163 -21.166657 75.500789
9 -40.439293 13.938376 55.005203 -3.822266 -25.567308 49.845833 -108.773764 -17.560902 77.374119
6 -73.256082 0.077673 -11.788352 32.778580 41.091827 51.835131 -99.603607 7.210287 51.654547
4 12.391909 16.540741 -54.526912 142.867002 22.582131 -46.198292 27.011804 -146.068821 25.400442
2 25.974874 51.609006 25.861619 19.321743 -22.173052 -41.345136 1.961333 -83.855080 22.644688
7 -11.651952 -3.635510 -20.827829 -28.536528 3.274276 -37.116077 55.778181 51.489572 -8.774135
7 14.626437 -11.057170 -27.806889 -6.396317 -7.330110 -50.498716 85.999130 14.196215 -11.732581
4 23.290823 20.040798 -47.335143 122.605014 18.497604 -47.185148 22.717109 -135.553484 22.922431
2 30.741437 44.222252 30.659500 19.233611 -30.774789 -34.599585 2.247049 -85.274590 23.545111
9 -41.223595 14.468209 52.605433 -1.533829 -23.271716 48.541710 -108.234413 -18.601260 77.249459
6 -70.229590 -18.749084 3.291772 -11.913355 30.444601 88.772511 -127.217151 77.266668 28.333635
1 43.911873 36.065461 43.796635 5.752607 -47.245306 -25.245427 0.561282 -80.822379 23.225249
7 -0.738829 6.675460 -35.034571 2.969125 7.554877 -67.900644 91.095947 2.126119 -6.747486
7 5.721911 -1.929076 -31.807692 -1.562004 0.939700 -59.284820 88.891461 8.367502 -9.336984
3 28.693475 22.102861 79.206071 -13.578645 -77.363425 9.837957 -23.998443 -60.506348 35.606491
6 -58.017814 -21.432178 36.801331 -48.821698 0.747415 102.907946 -135.441092 93.931259 29.324834
3 50.313345 23.322545 60.831072 -2.023248 -68.946727 -9.114941 -2.514637 -77.176120 25.308707
3 19.558269 30.749761 69.983813 4.673958 -68.847295 -4.750589 -6.560062 -77.588293 32.780432
1 91.614229 11.468624 10.982799 16.503799 -41.517138 -35.003297 16.651542 -83.091866 12.391309
1 59.371470 41.384283 9.058950 1.628336 -23.883155 -64.195392 27.916148 -65.277314 13.996669
8 -11.904657 -4.936620 -19.629813 -30.280566 2.402171 -34.358342 52.272784 54.607894 -8.172852
7 14.937238 -11.353261 -27.670469 -6.556425 -7.611422 -50.216986 85.899208 14.379564 -11.807446
4 18.944621 23.583468 -48.206698 123.848970 21.320764 -49.988968 23.852324 -136.539917 23.185440
3 18.422930 44.142058 59.832447 -4.061008 -50.798718 -17.305305 -11.879389 -69.368753 31.015732
3 11.984658 37.737859 71.741273 -1.081880 -64.471464 -7.019038 -10.882479 -72.329425 34.320489
3 24.226842 31.044976 64.966084 2.372555 -63.824231 -6.575856 -9.582420 -74.446734 31.818777
3 -14.812757 8.254780 73.968011 -52.649537 -41.286115 61.594360 -116.559764 15.283958 66.207062
2 31.903232 42.443203 31.823525 19.223996 -32.866859 -32.986651 2.351783 -85.642124 23.749891
8 -12.254080 -6.612833 -18.135156 -32.573096 1.369306 -30.787231 47.660228 58.669755 -7.336894
3 50.534238 23.401657 60.311023 -1.773435 -68.497407 -9.446540 -2.370829 -77.375879 25.217166
9 -41.252788 17.156983 46.410722 1.378926 -16.718765 43.780078 -107.059419 -19.910939 76.215199
3 36.239292 42.104041 48.657436 0.924582 -47.036199 -26.588784 -0.946803 -77.749447 24.395875
7 -11.762395 -4.209901 -20.294854 -29.302477 2.881881 -35.899786 54.237881 52.863290 -8.513641
9 -16.396577 26.301486 2.223654 44.798317 8.536871 1.059830 -61.773592 -56.435361 51.685372
3 28.524905 33.554288 60.954100 3.468428 -60.846947 -12.609538 -4.438588 -77.729643 29.122990
2 24.427529 53.934185 24.335504 19.258103 -19.389856 -43.405442 1.695378 -83.270824 22.415417
5 -111.966015 15.635305 -42.963918 31.784712 90.308684 40.390693 -94.574936 34.973690 36.411790
1 94.766571 7.206855 45.537385 -5.657125 -69.346462 -10.680343 1.349771 -79.678071 16.501417
4 49.031958 19.874081 9.396429 50.832130 -29.506112 -28.032226 10.222870 -103.654775 21.835645
1 94.205738 7.775686 45.391148 -5.680364 -68.853953 -11.093701 1.345311 -79.608854 16.518987
9 -41.682378 16.302870 47.689129 1.442382 -18.214258 45.076841 -107.255662 -19.943994 76.585068
2 34.937771 37.882788 34.831880 19.268894 -38.310451 -28.911277 2.786604 -86.708037 24.221823
3 26.966969 39.999405 55.053417 4.148636 -52.537716 -20.333313 -2.544570 -78.384131 27.631295
3 23.938533 35.267995 76.588945 -7.938800 -72.557201 -7.097383 -6.358768 -72.900277 31.056948
3 45.374867 35.874337 45.586140 3.130233 -48.902577 -24.589008 0.105004 -79.651942 23.072942
3 23.453478 30.723363 66.177052 1.837761 -64.775882 -5.508701 -10.275988 -73.910454 32.279366
5 -112.796692 16.216634 -43.674610 32.719141 91.294776 39.695313 -94.096234 34.009564 36.632113
6 -85.109304 -42.451566 -9.612319 32.171345 28.506662 111.577837 -140.288485 77.754695 27.451144
8 -12.431814 -7.420643 -17.434707 -33.696018 0.908199 -29.058936 45.398937 60.644451 -6.909470
1 92.609090 8.419810 46.446885 -6.074586 -69.205235 -10.870463 1.086201 -79.288655 16.876950
7 3.307983 0.911599 -32.947256 -0.075025 3.293642 -62.077325 89.694187 6.425364 -8.533171
4 23.157356 20.147111 -47.361329 122.643852 18.582949 -47.268325 22.750002 -135.582859 22.931248
9 -9.898739 7.580988 46.072295 19.774196 -38.560995 33.126461 -69.475103 -45.528783 56.909678
1 83.415470 18.608472 18.971835 11.247158 -42.065193 -33.077401 11.361524 -82.669155 14.207288
7 14.903872 -11.320649 -27.685621 -6.538911 -7.580511 -50.248173 85.910138 14.359212 -11.799358
8 -15.250448 -17.643959 -9.669624 -48.983583 -2.845869 -6.733241 14.525008 86.681683 -0.079969
7 14.918929 -11.334806 -27.679569 -6.545893 -7.593700 -50.235073 85.905699 14.367213 -11.802802
4 24.686369 41.325357 -19.234678 73.972944 7.869489 -52.901544 15.598171 -112.499202 21.183094
2 24.454606 53.896260 24.360957 19.259786 -19.436947 -43.372996 1.702705 -83.282213 22.417837
4 23.607196 19.785806 -47.271167 122.515190 18.291553 -46.984831 22.639207 -135.484203 22.901252
9 -41.003165 15.919585 49.624647 -0.486370 -20.043486 46.084669 -107.694253 -19.069342 76.667712
4 31.068505 29.493861 -32.691798 93.969849 11.258672 -50.421529 19.803936 -123.071221 20.589728
8 -16.986455 -22.606436 -6.615850 -57.071945 -3.329359 4.385500 -1.891940 99.974148 4.142336
2 23.323557 65.249401 -8.747192 36.748629 12.514998 -69.871723 13.784235 -90.811616 17.809705
9 -41.926844 15.272743 49.686532 0.879354 -20.404124 46.785443 -107.606316 -19.695511 77.008720
2 30.647310 44.365648 30.566332 19.235267 -30.607142 -34.729590 2.239619 -85.245668 23.528220
9 -40.373851 16.574547 49.074335 -1.173807 -19.264055 45.221638 -107.658973 -18.750387 76.350551
2 28.331909 47.952524 28.235209 19.285690 -26.431485 -38.007903 2.108362 -84.563541 23.089230
4 49.058865 19.860954 9.392252 50.828676 -29.512455 -28.028361 10.224476 -103.655647 21.831239
3 32.189513 24.774820 75.452604 -8.268464 -76.053940 2.122574 -13.617083 -68.666231 32.066201
4 -22.817515 50.803849 -28.262998 110.082824 24.204348 -55.856794 18.474531 -126.576826 29.948580
9 -42.026073 13.087681 54.509993 -1.194934 -25.551046 50.587689 -108.509133 -18.762701 77.858523
2 34.239484 38.920183 34.144310 19.249811 -37.061431 -29.830353 2.665457 -86.448993 24.121528
3 23.968133 34.968885 73.303819 -4.972474 -69.945883 -8.093469 -6.061708 -74.065746 30.898436
7 7.365115 -3.740696 -31.049728 -2.512202 -0.626884 -57.520852 88.350090 9.566559 -9.831403
9 -41.443595 15.009533 51.028726 -0.471119 -21.671962 47.480453 -107.912444 -19.081858 77.062264
9 -42.240452 14.467838 51.035181 0.733012 -21.935778 48.052466 -107.828162 -19.632979 77.348872
7 8.197228 -4.628088 -30.671212 -2.980115 -1.409779 -56.661423 88.078123 10.145126 -10.069861
2 26.135744 51.360703 26.023844 19.321862 -22.464931 -41.120130 1.976260 -83.906805 22.673449
8 -18.896922 -27.473597 -4.020078 -65.364563 -3.060879 15.444558 -18.779806 113.365847 8.785439
1 72.436148 5.717370 27.113447 30.165767 -53.581087 -12.930505 5.331435 -94.413281 20.160706
4 1.194810 63.092165 -32.472627 81.792920 33.005323 -71.610414 17.275078 -113.925470 21.648213
6 -68.075603 -13.471196 -1.870292 16.194949 29.464469 71.678522 -109.901712 32.146465 43.834403
6 -62.806341 2.594702 28.733347 -32.962554 14.337172 67.301084 -107.418238 44.244102 45.976728
2 22.485294 56.614322 22.507720 18.906603 -15.921046 -45.580930 0.818997 -82.159019 22.328053
4 -22.264984 54.060961 -68.263706 143.306880 58.181078 -75.607031 27.571880 -142.620398 25.635320
8 -12.416234 -7.349948 -17.494726 -33.598855 0.947404 -29.209481 45.596132 60.472956 -6.947249
2 27.625360 49.052147 27.522401 19.303898 -25.156010 -39.015995 2.076831 -84.360778 22.952142
3 24.224719 27.279946 72.584945 -1.361062 -71.875788 -0.055720 -11.843814 -72.325038 33.371806
9 -42.492234 16.907564 45.061180 3.882768 -15.689586 43.621385 -106.671261 -21.051582 76.431765
3 -23.665943 9.487085 69.158083 -51.552155 -33.352588 61.232720 -114.050617 18.510468 64.232943
2 24.594722 53.690966 24.496544 19.270826 -19.687248 -43.195109 1.737380 -83.342734 22.434648
9 -41.614890 16.186581 48.055006 1.172608 -18.581221 45.312897 -107.332359 -19.821466 76.622842
2 45.214296 65.850799 12.225434 2.213257 -4.565213 -62.595785 4.923538 -77.975302 14.708970
7 14.943844 -11.359901 -27.667869 -6.558638 -7.617479 -50.210646 85.896984 14.382781 -11.809077
8 -28.692272 -34.501179 5.227818 -69.269228 3.918398 59.097834 -83.622944 129.367655 18.473920
7 9.387293 -5.871514 -30.134549 -3.634171 -2.521455 -55.461709 87.690935 10.944577 -10.399409
2 24.831237 53.339620 24.728537 19.287015 -20.113262 -42.887966 1.789810 -83.440671 22.465674
2 33.457629 40.092258 33.369609 19.233667 -35.657828 -30.874763 2.544613 -86.168125 24.002936
6 -66.388745 -23.149155 30.216350 -33.145832 5.338272 102.749463 -133.364942 86.264067 31.480525
2 27.258493 49.623487 27.153063 19.309957 -24.493199 -39.538207 2.057066 -84.252065 22.881399
6 -85.416592 -11.112576 19.294919 -13.753061 21.293314 86.082521 -116.594706 60.288797 39.917389
9 -43.423189 17.161233 43.067644 6.204601 -13.871271 42.734649 -106.192961 -22.108847 76.428140
3 36.495979 27.729016 38.718562 19.271613 -45.233130 -16.439196 -5.937069 -81.353784 26.748006
3 22.858923 37.478285 66.247756 -1.549029 -62.188273 -12.273522 -6.426603 -74.545065 30.397521
1 92.957105 8.579694 47.251488 -7.271400 -69.784194 -10.717559 0.869344 -78.722068 16.837586
9 -41.223595 14.468209 52.605433 -1.533829 -23.271716 48.541710 -108.234413 -18.601260 77.249459
2 23.085851 55.828364 23.056466 19.062924 -16.987944 -44.981661 1.185632 -82.569532 22.319895
7 13.515563 -9.989726 -28.297175 -5.822655 -6.319707 -51.515822 86.355818 13.536637 -11.462933
4 17.191597 25.035598 -48.554987 124.357464 22.456175 -51.151924 24.350832 -136.961991 23.277239
9 -42.026073 13.087681 54.509993 -1.194934 -25.551046 50.587689 -108.509133 -18.762701 77.858523
1 145.015235 -12.877165 0.106833 15.710092 -49.144513 -25.074794 14.722742 -92.384986 3.926560
6 -97.073532 6.630440 3.952532 -2.180864 43.511736 62.266355 -101.377569 39.574116 44.696788
1 78.464819 23.113887 23.897034 8.036537 -42.268101 -31.769058 7.813248 -82.582357 15.293990
4 -0.863042 29.723478 -14.377832 102.145523 -0.940599 -37.153282 16.639397 -124.949987 29.776346
3 39.541555 24.734880 49.540398 15.954806 -58.179668 -13.070819 0.578929 -85.919275 26.819191
3 21.145834 22.253219 109.250078 -22.188399 -106.206413 17.613865 -12.576299 -66.289155 36.997261
9 -54.442612 8.662691 58.983861 -33.434517 -18.374723 64.528825 -106.798295 15.962888 64.911880
4 -24.986562 55.558871 -68.295648 143.914228 59.292662 -76.312285 27.502231 -142.683825 26.010328
3 48.909220 10.821455 95.499553 -32.467230 -108.638608 3.305889 5.975631 -53.770197 30.364279
4 4.248118 42.290831 0.302544 53.503885 1.346890 -33.667808 -11.908261 -88.048947 31.932745
9 -55.075101 9.319260 16.621380 -0.425190 17.575694 48.778582 -102.265270 8.404100 57.066546
5 -79.888227 -3.519207 -27.940313 44.137808 55.876520 52.694357 -100.367649 13.325356 45.681360
7 -2.648318 11.204781 -36.348656 5.446031 10.131756 -72.719000 91.854568 -1.819664 -5.101502
2 33.205598 40.470228 33.119917 19.230660 -35.206367 -31.212819 2.508812 -86.080142 23.964107
6 -47.520923 -22.980987 25.921810 -38.307089 5.938215 95.116009 -128.839350 80.382313 30.290007
4 22.906889 20.349959 -47.412258 122.714780 18.746645 -47.428106 22.812513 -135.638155 22.947737
1 86.165957 16.181422 16.247975 13.067646 -41.870922 -33.732783 13.168145 -82.825587 13.598145
4 23.931889 19.523936 -47.204862 122.422999 18.079355 -46.779175 22.560059 -135.414032 22.879836
3 42.162533 20.190469 96.849718 -25.216859 -99.022797 10.238459 -10.199807 -66.264778 31.263054
2 24.490907 53.843316 24.395783 19.262867 -19.501509 -43.327353 1.711982 -83.298059 22.422061
8 -16.636469 -21.653277 -7.168998 -55.487562 -3.298629 2.237207 1.326961 97.391441 3.289325
9 -22.225653 18.625286 11.904915 40.783193 -0.057833 15.624972 -72.887351 -49.556517 57.788987
6 -87.464273 -11.787393 -10.266575 25.152457 42.148365 72.846513 -109.350854 37.055397 41.666367
2 18.651807 40.407099 26.174305 36.622529 -28.287110 -31.273442 3.849145 -93.214612 27.070276
8 -35.937823 -26.015968 -4.519498 -65.153061 15.267880 41.939591 -67.982107 121.232720 21.168267
9 -41.663061 16.886495 46.378600 2.022414 -16.821128 44.053494 -107.010090 -20.204057 76.357331
7 10.564520 -7.074016 -29.605669 -4.271169 -3.614179 -54.304777 87.308072 11.711207 -10.713989
8 -18.065506 -25.414593 -5.073441 -61.814264 -3.258391 10.748081 -11.544938 107.658461 6.764591
8 -12.870134 -9.296313 -15.856561 -36.352460 -0.070025 -25.025117 40.046820 65.277244 -5.853455
3 20.819629 31.789991 65.653727 2.280674 -63.119708 -5.676547 -11.446254 -73.273263 32.971745
3 51.095380 24.628472 57.864407 -0.887307 -65.788487 -11.486250 -1.803804 -78.453159 24.830743
8 -15.563532 -18.588730 -9.054705 -50.491618 -3.001035 -4.630065 11.467368 89.181247 0.681070
3 25.278438 32.550593 67.107424 1.810508 -66.288465 -8.824521 -5.069044 -77.142401 30.577461
8 -59.314367 -12.079158 21.501214 -49.879597 18.944336 88.338451 -131.968544 100.230258 24.227410
3 11.697063 21.217443 86.172220 -9.138871 -80.643249 17.781844 -28.778474 -60.401551 42.093569
8 -50.693742 -25.983536 14.005715 -35.699983 16.775295 97.634087 -135.700457 97.864170 21.798455
4 -23.454384 57.599042 -33.656351 108.367497 32.568075 -63.414405 19.045301 -125.446638 28.391862
7 -2.889455 13.986316 -36.925423 7.055841 11.150347 -75.861955 92.070147 -4.679415 -3.906404
4 30.484354 32.577865 -0.283196 56.883781 -11.368347 -36.612736 5.228405 -100.156039 23.245913
6 -85.561285 -16.072113 22.252486 -8.534835 15.251428 91.028695 -117.251085 56.855276 42.031437
9 -6.779908 24.380645 16.979474 25.542435 -5.204039 7.239507 -65.560900 -47.464680 50.867465
4 10.216117 29.265629 -67.556520 141.695591 40.143061 -62.799894 30.426617 -143.709933 22.319335
9 -41.128535 14.732852 52.120273 -1.441414 -22.733890 48.109856 -108.154132 -18.639560 77.134548
7 14.626437 -11.057170 -27.806889 -6.396317 -7.330110 -50.498716 85.999130 14.196215 -11.732581
7 15.014648 -11.426912 -27.636774 -6.594953 -7.681546 -50.147012 85.874033 14.424346 -11.825831
6 -95.957120 -2.784414 16.289777 -12.323633 29.920238 78.315896 -110.424131 54.980590 41.982800
9 -2.272549 26.278626 17.649794 28.033571 -8.571005 1.490247 -55.054729 -54.369992 46.816035
9 -42.590372 15.707381 47.656684 2.828487 -18.470201 45.694015 -107.151633 -20.578999 76.904637
6 -71.800023 -3.236439 63.493428 -62.589657 -13.145086 89.581875 -113.150038 62.555769 48.290170
4 17.878522 24.464942 -48.418056 124.157127 22.010912 -50.693772 24.152549 -136.794603 23.242383
3 -5.612033 5.799334 66.002232 -8.628061 -52.407570 45.748745 -84.434439 -27.346497 60.878288
4 16.716777 25.431323 -48.648889 124.496180 22.763152 -51.470278 24.490470 -137.079194 23.300461
3 -2.652079 8.864360 75.188951 -49.689541 -47.068461 57.692750 -119.075103 7.954081 68.785038
7 -11.420669 -2.365740 -22.024882 -26.867063 4.180977 -39.793346 59.135444 48.477249 -9.321973
7 -1.615965 8.354149 -35.563399 3.872440 8.612048 -69.652953 91.422534 0.741737 -6.170593
3 3.438244 24.428784 58.568317 -5.224979 -45.785220 15.825282 -54.361400 -45.069412 48.180381
2 24.436674 53.922830 24.343298 19.257937 -19.404240 -43.395815 1.697871 -83.274332 22.415770
6 -72.758998 -5.716763 -17.155790 29.837574 45.642790 58.148115 -103.629568 20.868242 44.764404
4 19.737961 22.930654 -48.048192 123.620302 20.805843 -49.468763 23.634670 -136.353438 23.140965
9 -42.700649 12.318040 55.242905 -0.519308 -26.540955 51.627543 -108.574584 -19.076103 78.223110
2 24.922643 53.202836 24.819046 19.291472 -20.278395 -42.767336 1.807264 -83.476040 22.478505
8 -39.326954 -23.887058 -4.079338 -60.324040 18.144786 45.675140 -73.772707 115.637620 21.932552
9 0.055687 31.990477 14.576631 33.142546 -7.085027 -9.259564 -41.765969 -63.780066 42.125282
3 0.447991 22.760778 61.170802 -17.458538 -42.831762 24.722999 -72.238586 -30.434105 53.860417
9 -6.777305 28.095473 14.455207 27.660159 -2.501990 1.523633 -60.379896 -51.120067 49.044783
6 -92.766866 -1.172719 -9.948047 9.161946 51.132788 66.118381 -107.823304 47.090081 38.207745
8 -59.314367 -12.079158 21.501214 -49.879597 18.944336 88.338451 -131.968544 100.230258 24.227410
9 -26.844336 2.457527 71.797745 -23.162889 -45.439083 65.414041 -114.813972 -4.209530 74.800495
9 -4.044250 29.465193 13.990885 31.694843 -4.521518 -3.344535 -51.356414 -57.755848 45.871643
6 -64.441605 -13.534912 22.662540 -29.618529 15.091506 86.310442 -120.418259 68.417807 35.531013
4 -10.869539 26.833523 -23.275788 121.402253 5.266985 -36.880348 19.362425 -133.723501 31.883993
6 -96.015348 4.471150 0.061569 1.127546 45.661825 63.319678 -103.103361 41.526796 42.950147
8 -11.825559 -4.539515 -19.992666 -29.743726 2.662037 -35.202285 53.351088 53.651479 -8.360855
9 -41.383070 15.898017 49.071957 0.351127 -19.584177 45.933521 -107.549719 -19.449112 76.711453
7 12.891514 -9.382743 -28.572811 -5.498092 -5.750398 -52.095334 86.557474 13.158518 -11.308131
5 -47.079880 13.889638 -31.838410 46.410076 54.558729 22.437704 -96.232297 -16.218227 54.072670
8 -13.573368 -12.034504 -13.676293 -40.354419 -1.263067 -19.084404 31.976966 72.160573 -4.151486
2 27.481581 49.277661 27.376463 19.306216 -24.894539 -39.222369 2.069599 -84.318205 22.923588
8 -38.068801 -24.923674 -4.394623 -61.641911 17.073798 44.460423 -71.589845 117.384790 21.699846
2 26.110196 51.400119 25.998898 19.321397 -22.419357 -41.155704 1.974206 -83.898747 22.668987
6 -86.162549 -17.190226 21.551673 -14.780644 17.352421 95.291284 -123.750834 70.853654 36.835225
9 -52.446578 8.292100 32.539264 -0.087051 -0.567431 52.650445 -103.982481 -1.685274 65.287007
7 3.009253 1.282612 -33.091083 0.119162 3.590538 -62.444914 89.794514 6.164944 -8.425027
2 32.834876 41.029640 32.751072 19.227017 -34.540229 -31.714448 2.459615 -85.952552 23.905005
3 22.252889 38.531300 62.497184 2.551092 -59.019121 -15.178617 -3.937655 -77.412414 29.715335
3 2.798470 25.378042 89.495739 -19.301527 -76.119332 21.488456 -41.565904 -49.314769 47.140819
1 43.072430 35.699267 42.980810 7.567981 -46.742933 -25.156031 0.824671 -81.663461 23.417263
3 42.771529 20.946122 93.026078 -22.952405 -95.553522 7.906258 -9.404797 -67.378542 30.639273
9 -29.512921 13.000854 25.908555 -20.186292 6.522352 43.597403 -107.076400 11.523587 56.222861
2 29.278058 46.483483 29.188446 19.261726 -28.137566 -36.662717 2.154668 -84.837665 23.271563
2 23.714413 54.961443 23.647631 19.176240 -18.109869 -44.277653 1.468482 -82.928442 22.347749
9 -40.771820 16.208607 49.292206 -0.670380 -19.624107 45.674243 -107.657695 -18.981207 76.530152
3 41.117783 31.963548 47.153901 9.050769 -52.095233 -19.929582 -0.098017 -81.984045 24.820871
3 2.643302 7.225936 85.542921 -32.926031 -68.604043 50.499123 -86.621391 -17.960453 60.200632
6 -65.136922 2.618736 28.580227 -25.943499 13.230100 66.517038 -106.388441 37.668176 48.854586
4 -11.799364 24.630866 -23.753830 119.403159 6.635670 -32.600226 12.221132 -128.448704 33.711298
9 -9.110149 23.547111 17.284074 22.415896 -3.444661 10.809930 -72.462004 -42.421698 53.381500
8 -22.810441 -36.340022 -0.127933 -81.210969 -1.022867 35.907221 -51.174963 138.492463 18.287513
8 -45.269927 -24.889427 26.162324 -54.974614 6.693192 100.045035 -138.928895 110.770878 20.391438
6 -75.611954 2.323257 31.506115 -24.453887 12.835668 70.150447 -105.348718 38.403855 50.195217
3 6.534404 29.956574 47.402810 8.431097 -38.621615 1.154546 -37.700635 -59.006490 41.849303
2 30.191146 45.068320 30.109394 19.241915 -29.786423 -35.369150 2.207161 -85.106970 23.444603
4 -1.003125 65.272799 -34.562354 83.151651 36.121328 -73.847775 17.629872 -114.351484 21.589085
8 -53.361961 -20.763574 28.028691 -52.865887 9.398060 103.045990 -146.257018 112.276672 20.499030
2 33.237193 40.422269 33.151360 19.231447 -35.263405 -31.169879 2.513154 -86.091187 23.969043
6 -78.828700 -25.245915 -5.986019 4.844225 35.756236 96.264843 -136.149364 84.412053 24.932647
4 16.557540 16.741595 -33.069018 119.436327 5.157189 -37.945386 21.793341 -134.970498 26.298914
6 -92.607155 -1.441271 -10.421744 9.522826 51.394801 66.255446 -108.052498 47.375802 37.973798
7 11.343143 -7.855694 -29.258809 -4.685662 -4.331777 -53.555345 87.056588 12.204049 -10.916493
5 -58.171142 51.572983 -59.336384 76.350071 89.629546 -25.491657 -85.282841 -53.749690 64.479116
2 26.808024 50.322344 26.698826 19.318304 -23.679179 -40.176467 2.030100 -84.117853 22.795895
6 -92.355742 -1.868949 -11.177579 10.094157 51.815514 66.474441 -108.416294 47.835271 37.599185
2 22.980251 55.970292 22.958764 19.038828 -16.799798 -45.093004 1.128597 -82.502260 22.318322
4 20.357705 22.422561 -47.925190 123.443245 20.404201 -49.065575 23.468417 -136.210512 23.105152
3 0.253712 24.529226 61.423228 -17.042280 -42.940218 22.379475 -69.297309 -32.331287 53.025448
8 -16.873992 -22.300234 -6.791920 -56.560967 -3.322449 3.695050 -0.855088 99.143366 3.866234
4 -10.977489 26.779902 -23.209853 121.261433 5.279567 -36.686846 19.053530 -133.475912 31.975669
6 -54.352684 -27.348971 -27.014243 10.142833 47.322935 71.919126 -103.007270 55.171403 27.166879
3 16.436418 37.243313 64.794667 4.107248 -60.245338 -11.124828 -7.147550 -76.231939 32.168002
6 -77.097309 -15.528947 28.467602 -23.223631 10.339316 92.531956 -120.694965 65.843357 39.362624
3 2.643302 7.225936 85.542921 -32.926031 -68.604043 50.499123 -86.621391 -17.960453 60.200632
1 44.402544 36.602195 43.660834 4.917217 -46.857777 -25.813983 0.518018 -80.428932 22.999879
9 -48.192384 3.394017 67.182511 2.261155 -40.954351 64.744278 -110.242769 -20.395822 82.203362
3 21.104190 39.231147 61.395568 4.200501 -57.822452 -16.209177 -3.094746 -78.458519 29.653482
6 -93.542498 0.130121 -7.645616 7.381453 49.865741 65.461170 -106.716093 45.734649 39.331076
9 -41.834751 16.045906 48.063405 1.490264 -18.654269 45.465795 -107.309011 -19.969211 76.701871
8 -13.336566 -11.141819 -14.370717 -39.034001 -0.904645 -21.027409 34.640209 69.901826 -4.726880
1 89.267450 13.487271 13.224080 15.064395 -41.653204 -34.453931 15.152471 -82.999162 12.910629
9 -42.700649 12.318040 55.242905 -0.519308 -26.540955 51.627543 -108.574584 -19.076103 78.223110
5 -113.644165 16.824040 -44.402523 33.660713 92.310460 38.968306 -93.598057 33.023633 36.857596
5 -103.506803 10.424336 -35.863422 21.678085 80.725970 46.547219 -98.844895 44.610255 34.229260
6 -62.298658 2.753608 -12.310807 16.542648 43.703154 48.774130 -101.339032 18.109284 46.065677
3 -0.733300 21.977593 63.418373 -23.291933 -42.702817 28.820207 -79.483315 -24.321532 56.316720
3 23.757721 30.534227 67.003959 1.156672 -65.625126 -5.117425 -10.294663 -73.696821 32.281450
8 -15.327369 -17.880234 -9.514908 -49.359169 -2.887142 -6.208425 13.763737 87.305132 0.108377
1 53.796136 21.495621 10.482999 43.693435 -29.715426 -29.053901 7.850727 -98.303016 19.753424
3 62.209455 7.830921 83.985353 -17.658773 -97.829973 10.185059 -6.217997 -69.556002 27.051952
4 30.638438 9.454584 -7.273205 92.030718 -20.870790 -23.665199 15.953803 -122.852356 26.584010
3 24.675927 29.745936 94.878319 -20.926335 -90.021924 5.560258 -11.921034 -65.770070 33.778915
7 2.168786 2.360709 -33.504760 0.685409 4.439509 -63.519237 90.079609 5.396661 -8.106688
3 19.984431 37.683525 57.557435 8.294544 -54.756932 -15.509612 -4.663198 -78.941619 30.351419
7 15.054561 -11.464331 -27.619436 -6.615852 -7.717140 -50.111418 85.861781 14.447371 -11.835536
9 -46.179482 15.972461 53.868955 -44.823774 -10.080626 55.428528 -106.760810 22.159490 60.415255
6 -30.207011 -8.766507 72.877126 -19.454375 -49.868216 77.573530 -115.704540 0.481822 73.068170
2 26.610940 50.827508 0.396647 44.108059 -2.459432 -52.373670 9.875276 -97.763069 20.777737
4 -28.287641 57.057301 -49.748805 127.728594 45.528434 -68.999375 23.081965 -134.552865 28.192391
2 31.214843 43.493487 31.135295 19.228831 -31.629220 -33.937296 2.285480 -85.422105 23.630681
5 -111.503237 15.316753 -42.568087 31.259711 89.762212 40.772166 -94.837368 35.508293 36.289562
7 14.810648 -11.232701 -27.727054 -6.490312 -7.496007 -50.332045 85.940110 14.304520 -11.777158
8 -13.165328 -10.479762 -14.895567 -38.065673 -0.619895 -22.464281 36.594512 68.236592 -5.140599
1 69.536997 32.797396 38.441998 -6.220218 -46.770516 -29.487284 1.243045 -76.788107 17.246685
3 21.920560 28.799278 98.336136 -22.999312 -92.304437 9.180025 -15.209149 -63.221433 35.498324
9 -42.952867 16.929394 42.860859 -30.425476 -3.240788 48.618322 -105.861756 12.799935 61.272375
2 24.171895 54.308550 24.084994 19.233710 -18.927579 -43.727858 1.623830 -83.154514 22.386964
1 156.279296 -15.577316 5.273172 6.968022 -54.954859 -20.726848 11.023057 -90.665639 2.381120
4 26.985526 37.362703 -27.442682 83.977065 11.963787 -53.678510 17.874752 -117.656295 20.613654
2 23.202376 55.670264 23.165233 19.087273 -17.196058 -44.855850 1.244403 -82.640215 22.322568
2 35.439045 72.755694 -1.506492 15.468177 11.260449 -72.117161 7.709722 -83.567879 14.558438
7 13.047589 -9.534959 -28.503375 -5.580497 -5.893091 -51.949416 86.506364 13.254841 -11.347456
1 92.154205 13.801768 23.704187 4.279169 -49.613672 -29.584331 11.438258 -79.600900 13.421313
7 6.370984 -2.654552 -31.506012 -1.942964 0.317243 -58.576457 88.676472 8.851844 -9.536559
8 -11.925110 -5.033251 -19.542041 -30.411014 2.339929 -34.152758 52.009273 54.841151 -8.126183
7 8.880685 -5.346327 -30.362740 -3.357002 -2.049322 -55.968190 87.855918 10.607526 -10.260548
9 -41.128535 14.732852 52.120273 -1.441414 -22.733890 48.109856 -108.154132 -18.639560 77.134548
2 47.911159 62.737249 14.443735 1.322004 -8.371751 -59.662525 4.629087 -77.837579 14.828615
4 -31.153889 68.573603 -42.278142 103.754407 49.426221 -71.376366 11.255767 -117.868325 29.666721
1 93.642536 15.085074 17.190809 13.174219 -41.882258 -28.797252 7.238906 -88.456943 12.804909
7 -11.264254 -1.457719 -22.899637 -25.690345 4.863952 -41.701198 61.499970 46.339526 -9.690297
7 9.370556 -5.853718 -30.142573 -3.624686 -2.505399 -55.479297 87.696155 10.933493 -10.394533
4 20.901538 21.978362 -47.815374 123.286668 20.050375 -48.713047 23.324867 -136.086272 23.072886
4 12.686660 40.377752 25.541089 42.969852 -27.743016 -30.930508 5.570384 -96.697104 28.224886
5 -132.131299 43.185364 -36.973186 22.069804 102.257509 15.644747 -72.740880 10.907820 47.780124
4 20.725107 22.122964 -47.851769 123.337766 20.166006 -48.828356 23.371892 -136.126939 23.083333
2 26.609598 50.831601 0.396239 44.105897 -2.456404 -52.376273 9.874669 -97.762641 20.777311
6 -58.388337 -7.959031 46.247647 8.980074 -20.686073 72.989644 -107.023882 -4.418499 70.258458
1 45.314282 35.343614 44.411710 4.833097 -48.266586 -24.660119 0.441145 -80.494592 23.077444
9 -5.723105 29.180054 16.271524 22.907976 -2.944915 1.680533 -62.232219 -48.311479 49.171628
9 -11.188137 26.876887 12.351892 25.858300 2.349946 6.015793 -70.363099 -44.726428 52.824844
6 -43.532026 -3.356673 59.058803 -33.104783 -25.507849 74.610636 -111.796906 22.336224 61.292574
3 6.090007 -10.739629 111.253562 -49.169958 -96.557408 79.168061 -102.884615 -4.002699 66.842675
2 22.267904 56.884266 22.315058 18.838843 -15.539360 -45.775173 0.660569 -81.993566 22.341453
8 -21.288110 -33.022101 -1.473078 -75.184421 -1.990888 28.208232 -38.836854 128.993472 14.593749
9 -41.223595 14.468209 52.605433 -1.533829 -23.271716 48.541710 -108.234413 -18.601260 77.249459
6 -78.737508 -25.301191 -5.762203 4.676080 35.524542 96.361604 -136.144816 84.404689 24.978810
7 -11.704173 -3.915232 -20.566608 -28.909635 3.080606 -36.524455 55.030973 52.156903 -8.648381
7 11.326714 -7.838467 -29.267100 -4.676480 -4.315526 -53.572139 87.061844 12.193519 -10.912366
7 -11.687938 -3.828110 -20.647768 -28.793663 3.140772 -36.708311 55.263082 51.949857 -8.687923
3 21.363830 30.883115 72.803837 0.409218 -71.140604 -3.937931 -7.404327 -75.569327 32.592184
1 53.542894 32.793315 41.482928 3.704665 -48.024576 -25.354084 1.107249 -80.570806 21.318411
3 38.719749 17.332020 99.982613 -28.940046 -105.227531 8.543236 -3.769842 -58.830108 32.189902
4 16.956467 25.231680 -48.602406 124.426745 22.609032 -51.309941 24.419862 -137.019984 23.288548
4 20.780403 30.098996 3.195566 60.778073 -13.532527 -30.130498 1.091668 -99.729247 27.447565
3 47.638772 27.259703 60.831935 -5.930300 -67.022620 -13.183048 -1.397864 -73.109609 24.913025
4 -6.404971 7.360360 -6.154524 118.868041 -18.727572 -13.167371 11.969012 -130.396280 36.653308
4 5.204299 32.915595 31.537434 44.782688 -33.743894 -18.200465 -3.422250 -92.623590 33.550180
6 -76.949555 -4.580414 -22.914624 29.663582 53.393467 57.196065 -103.550897 26.236286 41.506096
8 -52.172906 -13.430599 -21.009588 -44.216793 38.280824 29.376535 -63.187693 102.173735 24.186487
3 31.823964 33.000202 68.614696 -4.400291 -68.071251 -10.100544 -4.523619 -75.219720 28.876556
4 35.418882 9.832267 -48.757077 126.334317 12.299040 -42.508957 25.537610 -139.810996 21.654919
6 -91.554657 -3.265804 -13.651956 11.926522 53.211513 67.200076 -109.603818 49.381198 36.356931
4 20.259195 22.503070 -47.944463 123.470904 20.467877 -49.129061 23.494088 -136.232594 23.110987
1 145.232539 -24.517055 28.318223 0.999053 -78.823579 -4.248432 9.466939 -84.688013 8.260328
6 -94.369618 1.527094 -5.177020 5.426059 48.518878 64.765414 -105.538329 44.333264 40.514263
6 -51.560764 -26.154361 13.234228 -33.010776 17.672292 98.298610 -136.029207 95.306855 22.243128
2 33.294614 40.336402 33.207898 19.231917 -35.365687 -31.093252 2.521353 -86.111445 23.978195
6 -8.483876 -29.126436 14.011285 -0.664165 -5.472515 77.526108 -120.047268 28.162511 44.094361
9 -42.240452 14.467838 51.035181 0.733012 -21.935778 48.052466 -107.828162 -19.632979 77.348872
2 31.643698 42.839521 31.562665 19.225333 -32.398400 -33.345396 2.325254 -85.557853 23.705173
9 -41.834751 16.045906 48.063405 1.490264 -18.654269 45.465795 -107.309011 -19.969211 76.701871
7 -11.431639 -2.428461 -21.964959 -26.949739 4.135003 -39.661028 58.969795 48.626866 -9.295839
1 92.956215 8.383412 46.101134 -5.991288 -68.974752 -11.050479 1.158826 -79.353098 16.770028
6 23.045628 -14.798535 23.635459 -13.978337 -17.283004 57.193336 -119.676377 10.599607 51.262226
3 30.709343 31.746248 70.563907 -3.988322 -70.289140 -8.081466 -4.808460 -75.394195 29.542078
2 25.881024 51.751843 25.769194 19.320389 -22.005227 -41.473294 1.950412 -83.823118 22.628772
9 -42.683806 15.863781 47.167110 3.191226 -17.978513 45.377714 -107.048377 -20.744203 76.855069
9 -40.673495 14.419769 53.529144 -2.778232 -24.082387 48.878085 -108.469970 -18.032292 77.209375
7 -1.724783 8.591328 -35.634545 4.001253 8.752448 -69.903571 91.464197 0.539872 -6.086202
8 -14.869649 -16.455281 -10.467869 -47.108575 -2.604885 -9.370062 18.323089 83.559508 -1.006276
2 28.164385 48.214373 28.066145 19.289460 -26.128627 -38.248106 2.101500 -84.515440 23.056305
3 6.570781 12.126399 60.035763 -4.885673 -50.912758 29.910498 -65.973611 -38.362527 51.491125
2 32.545337 41.467755 32.463145 19.225326 -34.020481 -32.108138 2.424041 -85.854627 23.857637
3 18.880400 32.360371 65.990974 1.992099 -62.534601 -5.249593 -12.670233 -72.411221 33.641797
3 36.954265 42.491471 47.953499 0.596071 -46.296981 -27.321932 -0.847965 -77.621515 24.093081
9 7.304001 35.167889 40.047266 7.539434 -29.070169 -5.564982 -38.531587 -57.439392 40.547535
9 -40.373851 16.574547 49.074335 -1.173807 -19.264055 45.221638 -107.658973 -18.750387 76.350551
8 -15.357646 -17.968825 -9.456002 -49.501419 -2.902479 -6.009906 13.475556 87.541130 0.179591
6 -70.495741 -2.753062 56.999447 -47.276572 -10.810074 83.963041 -110.231999 48.397704 52.207255
1 68.541013 5.195515 65.113310 -34.881462 -96.530707 -28.803176 37.210587 -38.450461 22.605375
5 -85.737527 9.970091 -6.405585 -12.079486 54.889388 54.761324 -101.042743 48.414044 37.230498
6 -91.272855 -3.780376 -14.567168 12.588649 53.737539 67.472633 -110.039946 49.970614 35.890917
4 -9.071774 -26.364807 36.105069 107.552816 -68.273482 36.855339 -8.461379 -117.420530 49.078752
5 -116.295715 18.814658 -46.694736 36.532696 95.546139 36.581496 -91.969405 29.913830 37.571041
4 17.907678 24.440047 -48.412839 124.149187 21.992318 -50.673776 24.143278 -136.786942 23.241052
3 22.400150 37.999221 57.779051 5.349393 -54.740249 -15.857231 -5.516516 -77.243385 29.829560
2 33.911624 39.410330 33.819035 19.242833 -36.472489 -30.266638 2.612510 -86.329890 24.072681
2 22.534285 56.551155 22.551903 18.922043 -16.008365 -45.534476 0.853035 -82.195864 22.326279
7 3.902218 0.187477 -32.662466 -0.454277 2.706335 -61.361644 89.494920 6.929247 -8.741810
2 18.574299 63.370138 -15.739825 52.135595 18.447380 -67.756336 12.651148 -100.660110 18.977706
6 -91.306681 -3.716901 -14.454458 12.507809 53.672325 67.438538 -109.986122 49.896751 35.948743
6 -62.329801 2.742679 -12.281210 16.489845 43.692978 48.812590 -101.348383 18.170612 46.050693
5 -135.112592 42.568035 -38.452228 26.649533 103.277685 15.833885 -71.699473 8.249014 48.686142
3 4.251931 30.194168 70.863755 -0.489037 -61.697894 6.208825 -28.060764 -62.946321 41.675331
4 19.850126 22.839077 -48.026237 123.588014 20.733668 -49.396340 23.604676 -136.327609 23.134628
7 14.002192 -10.459493 -28.081791 -6.074871 -6.763348 -51.067642 86.198946 13.827915 -11.581909
8 17.551780 -35.144748 -14.956235 -24.984036 -22.223058 -12.566533 50.609782 54.672087 -12.959038
6 -92.993273 -0.790943 -9.274070 8.645040 50.760601 65.924367 -107.498341 46.687796 38.538827
6 -91.287528 -3.751580 -14.514916 12.550600 53.706958 67.457421 -110.015596 49.937409 35.917237
7 9.671719 -6.164106 -30.006512 -3.788993 -2.786117 -55.180128 87.598286 11.131887 -10.476038
9 -41.926844 15.272743 49.686532 0.879354 -20.404124 46.785443 -107.606316 -19.695511 77.008720
7 -11.512029 -2.876860 -21.539232 -27.535541 3.808998 -38.717210 57.791685 49.686108 -9.105921
7 -11.427921 -2.401728 -21.990421 -26.913782 4.154549 -39.717531 59.040715 48.562614 -9.306497
7 -11.571287 -3.199734 -21.235581 -27.959970 3.579458 -38.036306 56.937030 50.452626 -8.966238
6 -80.780141 -4.664047 47.427766 -33.187704 -2.105374 84.505243 -108.903055 46.077555 51.629759
3 -10.399078 28.190161 42.925164 41.424933 -40.275545 -2.440000 -18.040984 -83.628671 42.244017
3 11.523100 15.744547 89.777273 -20.144377 -81.169263 29.699342 -46.737617 -45.951913 47.258902
3 25.852996 39.662068 53.686532 6.606875 -51.531650 -20.431456 -2.210364 -79.490744 27.855737
3 19.470927 32.123744 65.678756 2.372180 -62.594409 -5.432060 -12.203534 -72.835369 33.419759
6 -80.269675 -18.967377 -13.462205 18.402228 42.770237 81.504659 -119.737695 56.916609 32.843225
1 92.417441 8.958812 45.360384 -5.486110 -68.002335 -11.725516 1.291957 -79.542500 16.727864
3 31.233089 25.826255 41.503821 18.652042 -46.465767 -10.921156 -11.762880 -77.805913 29.740506
7 -11.629614 -3.520572 -20.934917 -28.384175 3.353659 -37.359370 56.085482 51.215149 -8.825644
2 23.497850 55.264539 23.442287 19.142390 -17.722886 -44.527985 1.381389 -82.812129 22.334539
4 25.778108 31.914673 -2.016948 64.250654 -10.456866 -36.824917 8.212869 -105.364399 24.506825
4 -20.166753 60.754962 -28.729489 97.811962 30.223384 -64.382833 17.412645 -120.411504 27.487622
3 53.023555 10.322054 88.009219 -32.600287 -104.782045 -4.387236 12.651922 -50.755882 28.518693
3 18.328940 31.928487 67.534144 1.113083 -63.842833 -4.005366 -13.402364 -71.751882 34.097784
6 -95.314327 -10.953519 6.387683 4.786642 32.783420 82.601472 -113.876311 53.174744 40.410202
9 -62.277264 -2.069447 -24.449733 43.597727 47.423363 46.359200 -100.114349 1.901409 49.629101
4 -13.099351 58.143733 -24.715537 91.247044 24.940758 -61.858328 16.493426 -117.788569 26.636823
9 -25.387449 12.297844 23.574525 -12.797191 5.387396 41.462535 -107.520010 4.881105 58.101246
4 19.083611 23.469170 -48.179281 123.809083 21.230872 -49.898107 23.814196 -136.507201 23.177659
6 -100.148736 -3.176029 -12.678545 28.236444 50.419094 65.183760 -102.727531 30.163534 44.728012
4 30.608378 53.652229 -18.642594 55.592480 14.185880 -63.436217 13.923771 -103.494357 17.610429
6 -90.282148 -11.220212 -19.634392 23.756429 53.280174 72.966614 -113.843804 50.353363 34.623981
2 26.850890 50.892514 0.704517 43.469562 -2.707731 -52.374295 9.791630 -97.328120 20.701029
7 -11.600975 -3.358546 -21.084940 -28.171744 3.466525 -37.699813 56.513665 50.832300 -8.896475
5 -76.503563 18.325667 -15.841812 5.888735 59.584088 36.590777 -94.497384 21.678157 44.775337
5 -106.033396 11.851431 -37.955769 24.805736 83.503351 44.883776 -97.687217 41.762269 34.869825
1 84.650909 17.512915 17.743652 12.068321 -41.979726 -33.375947 12.182493 -82.736412 13.933794
2 33.087846 40.648082 33.002304 19.229802 -34.994353 -31.372319 2.493046 -86.039393 23.944980
8 -12.965508 -9.687003 -15.536523 -36.915014 -0.257175 -24.181227 38.913808 66.250790 -5.622150
2 18.563801 63.381613 -15.743076 52.141251 18.459617 -67.759769 12.645485 -100.667919 18.978992
9 -41.003165 15.919585 49.624647 -0.486370 -20.043486 46.084669 -107.694253 -19.069342 76.667712
9 -41.128535 14.732852 52.120273 -1.441414 -22.733890 48.109856 -108.154132 -18.639560 77.134548
2 27.876173 48.662778 27.774942 19.296717 -25.607791 -38.659155 2.087877 -84.432195 23.000650
6 -87.173493 -22.183966 -17.143245 26.892112 45.233522 85.840312 -123.018090 59.764249 31.788605
6 -80.328520 8.428908 25.969627 -46.128885 28.097753 68.258331 -106.241125 62.653433 39.290479
4 20.780403 30.098996 3.195566 60.778073 -13.532527 -30.130498 1.091668 -99.729247 27.447565
6 -86.296682 -1.043675 5.598526 -6.915011 37.354246 69.849409 -108.419191 49.374546 40.497836
7 9.295470 -5.776889 -30.176179 -3.583947 -2.435789 -55.553234 87.720966 10.883915 -10.374314
2 27.843343 48.713143 27.742663 19.297668 -25.549662 -38.704920 2.086214 -84.422705 22.994250
8 -4.654776 -64.763697 -32.921415 -17.400581 -0.334676 34.541547 -21.134435 97.961858 8.706182
8 -12.759397 -8.840055 -16.233756 -35.701059 0.155605 -26.009017 41.361778 64.144454 -6.118555
2 28.954075 46.986339 28.860676 19.270819 -27.552169 -37.123725 2.138619 -84.744024 23.209384
9 -40.439293 13.938376 55.005203 -3.822266 -25.567308 49.845833 -108.773764 -17.560902 77.374119
6 -72.331926 -9.468713 -16.940727 24.994006 45.454220 63.696231 -107.103147 30.852535 40.847528
2 33.562453 39.933629 33.473761 19.236169 -35.846718 -30.733276 2.559985 -86.205732 24.019725
2 24.081490 54.438553 23.999358 19.223860 -18.767456 -43.838593 1.597179 -83.112668 22.378270
6 -75.122565 -18.951512 28.833053 -30.179304 9.959332 99.408828 -129.710712 82.436150 33.326732
7 -2.247411 9.872058 -36.000993 4.702822 9.469852 -71.269126 91.673912 -0.583960 -5.617156
6 -51.411539 -26.463477 22.128286 -39.924008 9.997284 103.430931 -141.647203 101.375347 22.514382
6 -26.645472 -25.958486 -1.463050 45.865340 4.310543 66.510237 -110.775115 -8.497129 56.653137
8 -21.049404 -32.489714 -1.701056 -74.226318 -2.124844 26.976553 -36.878268 127.478217 14.014834
8 -47.674350 -21.820331 45.160074 -85.785234 -15.788873 73.499215 -87.011325 105.634764 33.786059
6 -91.816154 -2.801141 -12.827143 11.322326 52.742211 66.956982 -109.209963 48.859438 36.773449
6 -91.279762 -3.768256 -14.545598 12.572647 53.725311 67.466520 -110.030148 49.957721 35.901569
9 -41.252788 17.156983 46.410722 1.378926 -16.718765 43.780078 -107.059419 -19.910939 76.215199
7 9.466978 -5.953117 -30.098335 -3.678336 -2.595662 -55.383167 87.665065 10.997305 -10.420732
9 -42.362283 15.826507 47.750045 2.434068 -18.492256 45.598820 -107.193129 -20.399920 76.838147
9 -41.688235 14.594870 51.581521 -0.349110 -22.340814 48.087731 -107.991644 -19.138254 77.243933
1 70.011629 32.835332 37.696304 -6.013161 -46.208693 -29.982806 1.473534 -76.867564 17.055422
9 -42.590372 15.707381 47.656684 2.828487 -18.470201 45.694015 -107.151633 -20.578999 76.904637
7 12.754311 -9.249086 -28.633551 -5.427563 -5.624829 -52.222546 86.600885 13.077097 -11.274718
4 20.014898 22.703693 -47.993339 123.540822 20.626704 -49.288460 23.559938 -136.289307 23.125055
2 29.433911 46.240163 29.345863 19.258427 -28.419634 -36.439827 2.161641 -84.882404 23.301855
4 1.304322 24.078672 26.230985 68.701443 -37.003331 -15.736163 7.534353 -109.041862 33.931578
5 -112.940514 16.319239 -43.797759 32.878963 91.466714 39.573214 -94.013317 33.843472 36.669992
3 -4.622984 8.303000 75.729515 -50.900448 -46.840678 59.098513 -118.809616 9.752774 68.289921
9 -40.771820 16.208607 49.292206 -0.670380 -19.624107 45.674243 -107.657695 -18.981207 76.530152
9 -61.544642 37.983089 -32.590861 68.692974 60.431247 -2.778344 -89.936960 -50.420004 70.163503
4 88.937369 -25.188312 -60.926998 129.779959 -3.319056 -31.773637 32.846439 -144.292665 13.936910
7 14.462933 -10.900721 -27.879806 -6.312224 -7.180690 -50.647805 86.051481 14.100510 -11.693677
2 23.377630 55.432280 23.328635 19.120246 -17.507125 -44.664814 1.328503 -82.743814 22.328454
6 -70.442638 -6.768252 -17.884159 23.833336 47.067896 59.853351 -105.388140 28.406351 41.322261
4 10.546754 29.380026 -44.892137 121.752643 22.509100 -51.915213 23.458631 -135.228223 24.388423
3 24.866265 29.941476 66.741924 1.554973 -66.012380 -5.132971 -9.690659 -74.248264 31.979631
6 -92.388961 -8.917348 -4.738695 15.380333 41.382208 74.514593 -110.197315 44.257344 40.707846
4 -31.782381 60.018553 -69.268196 145.475472 63.197095 -79.048553 27.498662 -142.827319 26.736668
1 50.389777 35.862336 35.631364 8.037405 -41.402089 -29.989460 2.553771 -82.014293 20.931185
3 18.510934 32.131072 67.173347 1.222778 -63.503484 -4.410286 -13.172569 -71.897335 33.945536
7 14.176659 -10.626967 -28.005708 -6.164061 -6.921237 -50.908655 86.143709 13.930367 -11.624108
8 -15.506354 -18.414283 -9.166838 -50.212730 -2.974172 -5.017992 12.032292 88.720407 0.539671
1 87.577609 14.950148 14.863702 13.987645 -41.768845 -34.061421 14.074552 -82.908399 13.285008
3 28.839585 36.717692 80.016217 -16.563175 -74.823339 -7.647972 -7.499947 -68.977909 29.938840
7 14.682543 -11.110186 -27.783337 -6.424126 -7.379913 -50.448707 85.981407 14.228411 -11.746091
4 19.975133 22.735664 -48.000581 123.552423 20.651451 -49.313807 23.570794 -136.298613 23.127541
6 -91.085214 -4.134352 -15.197939 13.039584 54.103905 67.662168 -110.338743 50.383016 35.567580
8 -13.402932 -11.393613 -14.173536 -39.404631 -1.008387 -20.479961 33.891926 70.537608 -4.566475
7 14.857494 -11.277577 -27.705347 -6.514899 -7.539582 -50.288850 85.924533 14.332474 -11.788247
1 85.518668 16.749435 16.885630 12.641835 -41.917210 -33.581314 12.748824 -82.787438 13.741568
3 29.767079 48.151295 60.772800 -12.400952 -53.016312 -25.798051 -3.340749 -70.000156 25.865039
3 4.343923 14.982465 96.433351 -40.655765 -77.731713 43.177163 -73.905907 -23.186006 56.542484
1 85.461912 16.798707 16.943016 12.603583 -41.922740 -33.566809 12.711325 -82.783194 13.754198
8 -11.907625 -4.951301 -19.616563 -30.300224 2.392583 -34.327560 52.233087 54.643354 -8.165752
8 -15.095407 -17.166202 -9.987215 -48.226937 -2.755240 -7.794572 16.058387 85.423689 -0.456505
1 91.547008 9.045246 46.438191 -5.886086 -68.752571 -11.180878 1.061219 -79.287872 17.015742
5 -110.416235 14.584896 -41.642202 30.011974 88.489590 41.645816 -95.440703 36.763098 36.003771
8 -12.507556 -7.751772 -17.150994 -34.160412 0.726393 -28.348254 44.463030 61.458588 -6.729024
9 -41.573405 15.928123 48.726302 0.791966 -19.274939 45.795543 -107.463012 -19.651133 76.720554
3 54.559888 21.492914 60.943033 -3.139226 -70.349974 -8.294992 -2.325655 -77.746152 24.860160
3 24.210697 27.277745 72.582791 -1.370824 -71.864057 -0.040836 -11.876176 -72.301063 33.381718
3 19.634928 33.195530 74.979298 -2.818967 -71.348223 -4.483844 -8.244580 -73.747545 32.833396
8 -12.383397 -7.206588 -17.619110 -33.397686 1.027975 -29.517548 46.000676 60.120262 -7.024586
7 -11.510546 -2.869514 -21.545996 -27.526677 3.814281 -38.732322 57.810119 49.669835 -9.109184
4 19.422184 23.190214 -48.111720 123.711630 21.011177 -49.675626 23.721038 -136.427780 23.158887
5 -102.239293 9.746757 -34.825529 20.078323 79.359663 47.325982 -99.385999 46.028952 33.911147
3 11.985139 37.736939 71.737043 -1.079156 -64.467896 -7.019443 -10.883644 -72.329734 34.320743
4 29.142381 -0.890866 -23.957098 116.291793 -12.121557 -20.603717 16.028841 -131.653529 27.763756
7 1.599763 3.122329 -33.789494 1.085350 5.023603 -64.282064 90.274401 4.843623 -7.877512
1 92.116838 8.836829 47.632336 -7.228733 -69.876586 -10.609384 0.782861 -78.679206 17.025042
7 14.193104 -10.642307 -27.997497 -6.174247 -6.936618 -50.893512 86.137998 13.941290 -11.628212
7 0.035326 5.397951 -34.603892 2.287145 6.685193 -66.586905 90.818739 3.132908 -7.166466
6 -86.489362 -13.924506 2.190627 7.708825 32.800490 81.912076 -115.332901 52.163901 38.970854
6 -91.164584 -3.983179 -14.928123 12.847402 53.946611 67.581156 -110.211622 50.206338 35.706006
3 64.433576 0.558428 85.800966 -14.350297 -102.354812 18.439945 -10.151158 -71.163954 28.787302
2 29.602894 45.978767 29.515893 19.254842 -28.724270 -36.201343 2.171993 -84.932727 23.333946
1 92.727483 8.403489 46.288373 -6.004153 -69.096333 -10.946056 1.121300 -79.331639 16.837534
1 91.278460 11.756479 11.300319 16.302895 -41.534199 -34.924158 16.436262 -83.081687 12.465629
6 -84.592349 -35.195660 5.566705 44.177151 12.116095 96.844290 -113.996105 24.816629 50.263251
3 38.015141 44.069412 47.631026 -1.628967 -45.191415 -28.894500 -0.978761 -76.549927 23.527984
3 17.971244 34.424304 75.686313 -4.490732 -70.648545 -4.405027 -9.817054 -72.085836 33.365327
4 11.261368 25.626629 -47.103426 127.222451 22.032049 -50.015955 24.346123 -138.066587 24.697352
6 -95.348453 -10.943534 6.387377 4.788772 32.796506 82.600842 -113.872502 53.179694 40.411301
7 6.049503 -2.296917 -31.654862 -1.755426 0.624780 -58.925244 88.782717 8.613882 -9.438434
3 18.916451 31.974509 68.071355 0.704730 -64.538447 -4.185561 -12.764982 -72.008137 33.830075
9 -42.492234 16.907564 45.061180 3.882768 -15.689586 43.621385 -106.671261 -21.051582 76.431765
1 57.419715 24.545760 55.427445 -3.544472 -64.343150 -13.565522 -1.455393 -77.620386 23.135999
6 -71.646254 -6.304570 30.083380 -48.450321 16.338300 86.208283 -122.796788 84.107432 32.460539
8 -13.564791 -11.999829 -13.702660 -40.302082 -1.250091 -19.160187 32.081847 72.071630 -4.173839
4 17.387203 24.872451 -48.516152 124.300619 22.329354 -51.020645 24.293422 -136.913644 23.267395
3 2.812289 25.410336 89.492684 -19.234091 -76.144408 21.411607 -41.429294 -49.417184 47.098055
6 -44.847380 -22.134093 7.744028 -2.947338 14.923389 80.598118 -118.099397 46.117860 38.644818
3 19.237507 32.668914 64.378180 2.930292 -61.109662 -6.261341 -12.283065 -72.887621 33.326790
2 23.149366 55.743376 23.115877 19.075579 -17.101034 -44.913925 1.218178 -82.608040 22.320619
1 94.394485 7.681022 45.342030 -5.684338 -68.884053 -11.073171 1.360010 -79.622790 16.486802
9 -42.362283 15.826507 47.750045 2.434068 -18.492256 45.598820 -107.193129 -20.399920 76.838147
6 -85.967538 -16.043327 22.040093 -8.265123 15.529984 91.041154 -117.245851 56.914247 41.996364
4 22.220242 20.906107 -47.551787 122.910894 19.194477 -47.866517 22.985140 -135.790079 22.991528
3 36.315340 34.176356 55.459299 2.940774 -57.138556 -17.406610 -1.790229 -78.964749 26.408369
3 36.014073 43.595518 47.079945 0.980990 -44.878233 -28.401047 -0.724754 -77.705587 24.039089
1 193.368829 -52.316957 -12.228110 32.552842 -65.280022 -5.890521 17.897954 -106.691667 -1.412340
5 -109.815352 14.189886 -41.133467 29.316019 87.793396 42.116036 -95.765655 37.452511 35.846630
4 22.429931 20.735698 -47.508328 122.850480 19.056808 -47.731579 22.931608 -135.742849 22.978236
8 -12.241215 -6.558594 -18.183359 -32.497300 1.401219 -30.904234 47.813057 58.535764 -7.365339
9 -7.684060 15.469548 47.667734 33.703519 -45.801523 15.808550 -37.386027 -69.868546 48.090802
3 29.323721 32.916019 60.523687 4.025538 -60.981383 -12.481734 -4.146217 -78.159975 28.980338
2 31.326522 43.322948 31.246383 19.227803 -31.829305 -33.782718 2.294951 -85.456649 23.650059
3 21.358662 31.005637 67.745794 1.004907 -65.405410 -4.376468 -11.533032 -72.903595 33.103498
4 -22.017112 45.130447 -21.478980 107.459522 16.072069 -47.851066 15.190162 -124.361379 31.856335
7 13.125172 -9.610436 -28.469050 -5.620890 -5.963906 -51.877436 86.481605 13.301545 -11.366604
3 27.901023 45.243701 67.676135 -13.440476 -59.847997 -19.492407 -5.452839 -70.104871 27.517723
6 -53.452057 -11.236950 29.174104 -17.255822 2.312616 77.320742 -112.605803 37.578232 48.164940
9 -6.569615 13.024100 21.388802 -5.454272 -0.051576 34.044317 -110.375186 -7.268745 61.262176
8 -19.744590 -29.499864 -3.044391 -68.907161 -2.756694 20.086418 -26.010383 119.029516 10.847149
2 28.953119 46.988190 28.860577 19.269548 -27.550894 -37.124706 2.137808 -84.742540 23.208894
4 -10.977489 26.779902 -23.209853 121.261433 5.279567 -36.686846 19.053530 -133.475912 31.975669
7 -11.297360 -1.652066 -22.710018 -25.942669 4.714820 -41.292404 60.994894 46.797633 -9.612832
8 -12.019672 -5.503928 -19.117810 -31.050780 2.041101 -33.152071 50.723893 55.977095 -7.897828
9 -61.888875 -2.281514 -23.540153 43.901644 46.190225 46.601249 -100.179652 0.991873 50.205209
4 -2.924534 64.133841 -38.807360 89.831593 39.002761 -74.422528 18.829221 -117.512478 21.869482
4 22.924932 20.335404 -47.409625 122.710193 18.735854 -47.416867 22.807631 -135.633961 22.946443
6 -92.655292 -1.359607 -10.277801 9.413177 51.315120 66.213224 -107.981769 47.287653 38.045300
3 29.992943 21.734267 76.638038 0.846668 -80.688067 2.898169 -6.168729 -77.479195 32.225899
4 39.578140 35.070695 -8.752517 58.059155 -5.536485 -46.475441 13.195938 -104.449673 19.310187
7 -11.364619 -2.041783 -22.334646 -26.446756 4.421303 -40.473881 59.980637 47.715067 -9.455323
4 2.089967 27.854647 32.030645 58.687999 -39.507397 -16.389528 5.748932 -104.098439 33.583171
7 10.818808 -7.330837 -29.492478 -4.406162 -3.848997 -54.058509 87.225745 11.872945 -10.780517
3 -0.901633 22.840610 62.359369 -20.751204 -42.298238 26.700143 -76.326179 -27.029929 55.407056
9 -40.439293 13.938376 55.005203 -3.822266 -25.567308 49.845833 -108.773764 -17.560902 77.374119
3 17.628457 31.772804 74.229932 0.007382 -71.032723 -2.889300 -9.120701 -74.363952 33.768094
4 22.299340 20.841465 -47.535329 122.888363 19.142274 -47.815180 22.964644 -135.771968 22.986395
4 -12.118741 47.694454 -37.958114 113.845388 29.380940 -59.412343 20.662171 -129.197424 27.103669
3 27.211724 24.419274 79.510020 -9.181880 -78.517055 5.603668 -16.113887 -67.173871 34.242002
8 -68.137007 -0.638657 -2.636477 -32.867335 41.332506 52.002677 -89.902923 68.065125 32.782094
9 -10.091868 4.491022 65.436816 -21.993184 -44.556943 55.323524 -107.611655 -9.159303 68.161589
8 -12.035102 -5.574713 -19.054172 -31.146974 1.996799 -33.001255 50.529582 56.148430 -7.862596
3 3.542586 13.403853 58.052804 -6.251432 -46.561766 30.353595 -70.759688 -35.036231 53.256276
3 57.524005 23.918878 66.235129 -15.141429 -74.149962 -10.467013 -1.611979 -70.318901 24.011267
9 -41.438607 13.852872 53.675397 -1.701391 -24.475731 49.522698 -108.413955 -18.528311 77.507027
3 24.591368 29.159078 74.107486 -19.949528 -66.058311 5.946219 -32.566314 -51.788145 36.558143
3 10.755370 35.645583 87.354206 -18.974385 -75.405537 4.333204 -22.626908 -59.542741 38.461199
7 14.685152 -11.113091 -27.781797 -6.425897 -7.382708 -50.445784 85.980422 14.230492 -11.746788
8 -25.906180 -33.939664 1.897419 -80.438472 1.542552 41.196076 -60.588707 136.911580 19.325396
3 -2.446172 24.281328 54.805207 36.397156 -56.060293 0.761979 -10.264494 -87.172291 39.697577
1 86.111937 16.228929 16.300613 13.032579 -41.874278 -33.720423 13.133460 -82.822755 13.609937
6 -64.654148 -17.781920 -8.825527 14.945109 34.726454 75.111095 -114.305240 43.380058 37.404126
9 -55.415722 19.421062 25.457977 -4.836054 12.532375 40.794293 -100.687194 -0.627548 63.360811
6 -94.748382 -30.180882 -17.984101 38.114001 42.635738 95.978438 -128.475941 63.338543 31.322593
4 35.752510 9.548398 -48.736680 126.346343 12.093372 -42.331964 25.542349 -139.843314 21.628992
5 -97.353886 7.350852 -30.890587 13.724867 74.239082 49.995664 -101.225579 51.452367 32.707225
4 -12.371752 33.451920 -43.344911 134.197200 25.369032 -50.412148 23.464175 -139.597819 29.244304
3 -0.291135 25.564561 58.743798 34.172597 -60.468621 -0.960129 -5.516189 -89.316897 38.072010
9 -41.663061 16.886495 46.378600 2.022414 -16.821128 44.053494 -107.010090 -20.204057 76.357331
6 -30.137048 5.244455 13.393125 -19.063589 17.465800 48.749364 -106.788874 23.440134 47.696635
2 23.312644 55.520196 23.267987 19.109304 -17.392261 -44.735538 1.298227 -82.706377 22.325811
9 -41.438607 13.852872 53.675397 -1.701391 -24.475731 49.522698 -108.413955 -18.528311 77.507027
6 -73.314051 -4.983588 -17.819984 27.567545 47.375159 57.862385 -103.734047 23.451882 43.594705
4 -31.253103 58.205708 -26.974551 107.724967 28.139469 -59.665187 17.687894 -124.600899 30.735700
3 56.753638 25.379298 66.188778 -13.975703 -72.474369 -9.594717 -3.967250 -72.413034 24.103354
3 41.636514 35.837967 60.941762 -8.543530 -61.119214 -17.716721 -2.976437 -73.348942 25.288595
3 45.895984 27.737811 55.852159 1.824647 -61.958375 -13.870263 -1.486009 -79.320534 25.324575
6 -92.945511 -0.871056 -9.415984 8.754317 50.838876 65.965079 -107.567354 46.772470 38.469167
2 28.202023 48.155326 28.103728 19.289340 -26.196503 -38.194387 2.103658 -84.527159 23.063971
6 -55.468255 -2.506236 47.242606 -26.221961 -10.980257 73.158910 -108.951608 26.134427 57.592373
6 -59.981581 4.846616 29.099526 -24.763284 11.446178 62.325982 -105.626836 31.644014 51.009386
1 50.389777 35.862336 35.631364 8.037405 -41.402089 -29.989460 2.553771 -82.014293 20.931185
9 -50.620112 10.409554 4.878544 17.092305 23.978145 40.653678 -100.936737 -4.555822 59.100448
9 -39.762501 15.697146 52.015572 -3.457007 -22.185476 47.061610 -108.281480 -17.715723 76.627857
1 85.214369 17.016213 17.185474 12.442108 -41.939091 -33.509649 12.551445 -82.769941 13.809070
6 -84.675535 0.457379 -8.755828 25.565356 43.517910 56.950042 -99.873865 17.628453 49.186091
8 -12.753840 -8.813234 -16.255733 -35.662747 0.169056 -26.066484 41.438664 64.077778 -6.133463
3 16.813347 32.415825 85.349762 -9.195132 -79.987634 0.962427 -10.239835 -70.678436 34.559668
6 -74.797568 2.956853 1.401158 -8.350597 40.059402 60.366316 -104.569212 41.869142 41.064510
2 25.213295 52.208976 0.619113 43.545423 -1.723719 -53.123044 9.726697 -97.347607 20.880864
8 -17.692546 -24.462206 -5.583068 -60.193207 -3.307814 8.584947 -8.244293 105.040392 5.857795
3 36.347041 34.280101 55.579988 2.691381 -57.176701 -17.440702 -1.836451 -78.835437 26.390776
8 -12.234643 -6.525194 -18.212015 -32.451711 1.420591 -30.974947 47.905087 58.455210 -7.382381
9 7.359580 11.608867 13.930206 -1.610773 1.630990 28.572582 -107.881876 -10.569849 56.960275
1 49.522708 30.807417 49.131309 1.435485 -55.175721 -20.149080 -0.035748 -78.748151 23.211774
4 21.162516 21.765881 -47.763189 123.211769 19.881110 -48.545112 23.256764 -136.026948 23.057213
9 -39.762501 15.697146 52.015572 -3.457007 -22.185476 47.061610 -108.281480 -17.715723 76.627857
2 24.104362 54.406035 24.020763 19.226033 -18.807402 -43.810635 1.603570 -83.122991 22.380259
6 -91.410796 -3.526702 -14.115606 12.263471 53.477103 67.337843 -109.825425 49.678635 36.121482
3 17.538240 33.318172 71.198847 1.491714 -67.785012 -5.496000 -8.249209 -75.189493 33.172734
2 24.742025 53.472118 24.641386 19.281164 -19.953129 -43.003819 1.770492 -83.403937 22.453694
2 6.116152 50.317427 31.288130 29.814340 -25.024554 -34.078417 0.180709 -87.824573 29.210781
6 -93.204784 -0.436186 -8.646545 8.160620 50.414988 65.745880 -107.197136 46.318335 38.844833
2 18.656017 40.415780 26.170391 36.638446 -28.289144 -31.294598 3.883162 -93.242076 27.062017
9 -41.338324 17.520724 45.443548 1.957698 -15.722514 43.095472 -106.867405 -20.171986 76.082786
3 48.588961 26.738568 60.119155 -3.238968 -66.178242 -11.758172 -2.457769 -77.061334 25.247796
1 52.296042 41.537448 4.792013 29.459495 -13.343814 -47.692674 8.877840 -92.672267 16.745914
1 67.429126 4.163056 2.491633 21.932318 -45.959695 -49.071678 38.588470 -51.760835 12.187603
6 -90.875046 -4.543367 -15.927129 13.555745 54.531091 67.883591 -110.682683 50.866338 35.191464
1 85.420500 16.834797 16.982477 12.577473 -41.924945 -33.558144 12.685620 -82.781334 13.763554
6 -71.942586 -6.808024 50.312247 -52.824077 -3.135197 90.060247 -116.574787 67.739032 43.173146
9 -48.192384 3.394017 67.182511 2.261155 -40.954351 64.744278 -110.242769 -20.395822 82.203362
1 139.416210 -41.306284 -4.090515 54.620349 -60.660703 -0.187473 13.188642 -110.828141 9.847922
8 -30.643565 -29.131220 -20.147626 -48.819772 14.811955 13.143277 -19.088302 100.173513 19.701741
9 -6.345570 27.411488 14.633303 27.658991 -2.999972 2.191955 -60.728819 -50.896856 49.075479
9 -42.590372 15.707381 47.656684 2.828487 -18.470201 45.694015 -107.151633 -20.578999 76.904637
1 82.019026 19.858397 20.363277 10.322502 -42.150765 -32.729396 10.409465 -82.608131 14.515624
2 27.158033 49.779708 27.050880 19.312895 -24.311029 -39.681502 2.051983 -84.222911 22.861939
7 8.809293 -5.270769 -30.395098 -3.317406 -1.982294 -56.041157 87.879002 10.558921 -10.240492
7 13.575936 -10.047700 -28.270109 -5.854213 -6.374918 -51.460608 86.336962 13.572004 -11.477356
1 92.776890 8.528758 46.000618 -5.909644 -68.795487 -11.176525 1.174018 -79.376035 16.777404
9 -42.683806 15.863781 47.167110 3.191226 -17.978513 45.377714 -107.048377 -20.744203 76.855069
9 -41.252788 17.156983 46.410722 1.378926 -16.718765 43.780078 -107.059419 -19.910939 76.215199
3 -0.365113 22.691038 62.684827 -19.413882 -43.483823 26.064883 -74.045204 -28.833472 54.700742
1 44.848480 36.161989 44.283912 4.452105 -47.649324 -25.279020 0.401356 -80.248709 23.029205
6 -72.996017 -5.734601 -11.251789 16.280885 43.254060 62.425473 -106.127447 32.532453 41.616987
3 13.073808 17.500914 52.000411 -9.165608 -41.500581 21.608102 -66.360918 -35.330000 48.173871
3 11.511693 15.755591 89.781017 -20.123327 -81.175946 29.681902 -46.703167 -45.980759 47.252992
9 -41.688235 14.594870 51.581521 -0.349110 -22.340814 48.087731 -107.991644 -19.138254 77.243933
7 8.256440 -4.691026 -30.644652 -3.012614 -1.465237 -56.600853 88.059313 10.185116 -10.086488
9 -42.683806 15.863781 47.167110 3.191226 -17.978513 45.377714 -107.048377 -20.744203 76.855069
4 21.462669 21.521474 -47.704445 123.127223 19.687343 -48.352432 23.179105 -135.959767 23.038834
7 6.768079 -3.091002 -31.324413 -2.171584 -0.059520 -58.152253 88.546622 9.139936 -9.655865
1 92.049352 9.051465 47.784867 -7.546225 -69.868514 -10.703078 0.727353 -78.511270 17.016048
4 4.241412 32.247454 -42.310271 121.325920 22.586125 -51.966475 22.777339 -134.502692 25.601189
2 -4.917136 44.085928 6.777958 36.068535 4.874791 -23.599103 -34.299677 -68.788045 39.796746
3 24.522954 39.965717 57.233952 2.406738 -53.448595 -18.149220 -5.284922 -76.040187 28.793557
5 -71.434151 9.694998 -9.047736 -28.566552 53.479337 40.750954 -82.223184 51.463643 35.882693
5 -90.961540 54.683539 -0.205938 -57.067760 76.436844 14.938326 -84.052885 46.956166 39.273245
3 27.679340 32.257277 69.040820 -1.269223 -68.318096 -8.333138 -5.167895 -76.040886 30.151795
4 21.429361 21.547954 -47.710078 123.136079 19.707885 -48.372782 23.187012 -135.966554 23.041126
6 -91.564890 -3.247564 -13.619961 11.902611 53.193505 67.190861 -109.589381 49.362174 36.372649
3 -18.007912 8.428410 72.428751 -52.395760 -38.669998 61.815748 -115.713553 16.667677 65.446634
8 -50.536474 -19.513126 -6.795854 -40.014427 28.918602 57.478680 -91.739753 98.609198 23.593157
4 18.644866 23.830664 -48.266204 123.935242 21.514880 -50.186179 23.935133 -136.610103 23.201705
8 -53.011414 -18.070419 31.800746 -58.613576 7.853302 101.641245 -145.080718 112.167158 21.313678
9 -42.362283 15.826507 47.750045 2.434068 -18.492256 45.598820 -107.193129 -20.399920 76.838147
2 27.919641 48.594868 27.819248 19.296229 -25.687072 -38.596940 2.090624 -84.445437 23.008833
6 -61.210237 -30.479642 14.425941 -21.234156 14.494929 106.529599 -143.391389 97.455859 23.409101
3 24.528565 36.817312 65.590232 -1.316734 -62.274955 -12.431750 -5.951402 -74.943285 29.982011
7 3.397169 0.801648 -32.904634 -0.132664 3.205466 -61.968635 89.664389 6.502392 -8.565133
7 -11.443144 -2.488363 -21.906879 -27.028711 4.090591 -39.534116 58.811669 48.769262 -9.270311
6 -77.387337 -4.171939 -18.388232 26.009886 49.888751 58.510116 -103.808475 26.903251 42.443984
1 66.498565 6.331239 63.622438 -36.240071 -95.650720 -33.008608 41.161857 -35.258581 22.543874
7 7.375076 -3.750167 -31.046579 -2.517041 -0.634692 -57.512490 88.347479 9.572406 -9.833994
4 -0.126830 68.423024 -42.303740 86.314419 44.127002 -79.777014 19.073791 -115.855132 20.124477
7 -11.323431 -1.805119 -22.563297 -26.138859 4.599504 -40.971829 60.598395 47.156281 -9.551646
4 17.540781 15.563994 -32.629709 119.498472 4.040719 -37.001032 21.778943 -135.109100 26.316935
6 -43.582140 -3.354024 59.043065 -33.104811 -25.474778 74.617927 -111.787859 22.360374 61.282246
8 -15.634798 -18.800081 -8.918787 -50.831683 -3.032000 -4.158127 10.778179 89.743385 0.853910
5 -90.889877 14.009764 -10.990431 -11.199512 61.994685 50.031845 -98.206084 48.669770 36.579843
9 7.854370 26.914908 19.265675 31.540120 -15.957516 -5.938852 -38.655783 -65.064932 40.042008
3 19.083758 14.426501 103.510169 -33.872453 -95.040179 33.726195 -45.569306 -42.029837 45.765145
1 93.710577 7.719771 46.293761 -6.064506 -69.574679 -10.577031 1.156562 -79.392147 16.727689
4 -9.553951 25.111949 -41.031805 138.297633 18.561541 -43.152465 23.179250 -141.777476 30.365326
4 19.057430 23.490015 -48.183645 123.815900 21.246973 -49.914009 23.820129 -136.512098 23.179309
2 22.458465 56.647406 22.484100 18.899184 -15.874545 -45.605019 0.800529 -82.139650 22.329524
3 26.069488 36.604851 72.413930 -7.181030 -68.579521 -10.311730 -5.593295 -73.358074 29.935373
8 -44.066953 -22.887888 -14.583324 -46.787934 25.938268 33.845986 -55.454191 97.066795 26.929244
3 49.536048 29.167458 53.572623 -0.721500 -59.633599 -16.791140 -1.070009 -78.008455 23.948570
1 43.714165 36.310926 43.398211 6.018722 -46.766772 -25.574476 0.636477 -80.929477 23.192218
6 -90.874676 -4.543671 -15.929729 13.557842 54.533011 67.882976 -110.683049 50.866472 35.190829
9 -41.688235 14.594870 51.581521 -0.349110 -22.340814 48.087731 -107.991644 -19.138254 77.243933
6 -73.565639 -17.772667 -6.563746 14.510317 35.076975 78.978306 -115.933865 48.192575 37.077750
4 20.438684 22.356210 -47.908864 123.420350 20.351296 -49.013261 23.447507 -136.192458 23.100538
1 51.165578 42.902137 3.387626 30.211373 -11.331879 -49.170637 9.105617 -92.912321 16.642503
4 23.564140 55.174642 -35.630603 75.078366 29.143102 -70.901148 18.340086 -112.231775 17.463189
4 34.428525 15.325572 -27.850195 101.872049 -1.189281 -37.754049 20.049621 -127.660490 22.778251
8 -12.437393 -7.447134 -17.411872 -33.733599 0.893506 -29.002107 45.324167 60.709556 -6.895125
9 -41.338324 17.520724 45.443548 1.957698 -15.722514 43.095472 -106.867405 -20.171986 76.082786
3 17.851939 30.809859 74.722995 0.981382 -72.248604 -2.218467 -8.377143 -75.294925 33.772957
6 -48.023566 -19.120508 35.711449 -36.915512 -3.278315 91.068258 -122.309084 63.783486 39.083796
8 -27.108205 -32.631223 2.676128 -79.598018 2.541659 42.838932 -63.606193 135.435835 19.451087
9 -41.573405 15.928123 48.726302 0.791966 -19.274939 45.795543 -107.463012 -19.651133 76.720554
5 -108.786728 13.528828 -40.263844 28.110144 86.610118 42.902141 -96.310321 38.630801 35.578867
4 -10.953165 26.880448 -23.224815 121.415542 5.242239 -36.901335 19.408197 -133.757017 31.889909
7 14.439769 -10.877966 -27.889766 -6.300092 -7.159772 -50.669583 86.059406 14.085622 -11.687618
6 -96.792512 6.022242 2.850345 -1.234859 44.125318 62.562964 -101.857552 40.116776 44.207280
2 29.015258 46.891377 28.922842 19.268252 -27.662714 -37.036277 2.140714 -84.760701 23.221244
4 -20.629996 45.593288 -47.788071 126.334994 38.949739 -57.868271 15.988554 -130.611335 30.031100
1 92.321785 8.715821 46.297587 -6.022159 -68.890408 -11.117343 1.100494 -79.284242 16.878464
3 6.281779 12.341732 54.616009 -3.611386 -44.897178 29.191907 -69.718178 -36.180378 51.975690
9 -42.492234 16.907564 45.061180 3.882768 -15.689586 43.621385 -106.671261 -21.051582 76.431765
2 18.651807 40.407099 26.174305 36.622529 -28.287110 -31.273442 3.849145 -93.214612 27.070276
8 -16.913337 -22.408822 -6.729542 -56.742220 -3.325038 3.939677 -1.222469 99.437914 3.963835
2 23.848531 33.998951 22.547394 25.897494 -22.915896 -20.586067 -18.297316 -74.391200 29.898106
3 39.361934 24.617662 85.165896 -17.001038 -86.876750 2.169203 -7.764864 -69.706940 30.034891
9 -4.203356 8.694346 58.456909 -11.690496 -42.354694 42.575985 -90.606673 -21.885479 61.013456
1 50.828140 33.934491 40.999987 5.106791 -46.763896 -25.977196 1.194233 -81.037526 21.714972
6 -62.804213 -11.853181 19.375994 -11.594677 13.698269 78.154790 -113.011348 44.072849 43.961520
4 -10.953165 26.880448 -23.224815 121.415542 5.242239 -36.901335 19.408197 -133.757017 31.889909
6 -52.131474 -24.416502 -23.650863 13.079488 45.536109 73.567424 -109.575257 48.264456 29.326628
4 17.740201 24.579095 -48.445821 124.197728 22.100575 -50.785188 24.191654 -136.827954 23.249713
6 -91.769149 -4.669472 7.476975 -8.052452 36.057212 77.503482 -113.847508 59.413218 37.887698
7 1.575625 3.154493 -33.801292 1.102573 5.047880 -64.314281 90.281976 4.820547 -7.867522
2 27.128564 49.825897 27.020927 19.312712 -24.257132 -39.723541 2.049644 -84.213445 22.856369
4 20.830947 22.035400 -47.830012 123.307264 20.096440 -48.758462 23.342766 -136.101806 23.077468
6 -77.119180 -27.340048 -24.279238 21.729018 48.839111 88.081406 -128.109017 74.300433 23.897522
2 23.194414 55.682018 23.157601 19.085402 -17.181285 -44.865485 1.241314 -82.636139 22.322153
6 -93.321580 2.395132 19.366270 -20.176726 29.749057 73.248772 -107.438242 53.153803 43.023517
3 18.514030 32.839515 67.030340 1.069140 -63.163082 -5.245077 -12.589634 -72.140629 33.685391
7 -11.277331 -1.532821 -22.826787 -25.787074 4.806607 -41.543171 61.304711 46.516595 -9.660730
3 26.542338 31.954573 68.834425 0.103612 -68.226343 -7.962697 -5.100348 -76.619601 30.474034
1 89.567060 13.228221 12.935413 15.252656 -41.634218 -34.522895 15.342823 -83.013130 12.844070
7 11.355308 -7.867966 -29.254039 -4.691092 -4.342616 -53.543759 87.052467 12.211404 -10.919707
9 -41.338324 17.520724 45.443548 1.957698 -15.722514 43.095472 -106.867405 -20.171986 76.082786
9 -41.663061 16.886495 46.378600 2.022414 -16.821128 44.053494 -107.010090 -20.204057 76.357331
5 -87.543948 10.755843 -9.037027 -13.541058 58.079326 52.801460 -99.393293 52.136945 35.741755
7 14.323291 -10.766977 -27.940385 -6.240722 -7.054757 -50.774807 86.095987 14.018056 -11.659686
9 -41.383070 15.898017 49.071957 0.351127 -19.584177 45.933521 -107.549719 -19.449112 76.711453
8 -12.186829 -6.301772 -18.408601 -32.143670 1.553353 -31.451920 48.525008 57.911572 -7.497143
6 -93.778243 0.526703 -6.946220 6.831810 49.483624 65.262687 -106.381166 45.332370 39.668440
2 34.183273 39.004480 34.087988 19.248270 -36.959623 -29.905445 2.655867 -86.428159 24.113345
3 21.251800 17.301309 102.961697 -27.802186 -97.306161 26.272524 -32.410628 -52.030638 41.762277
3 6.230037 21.641264 80.461959 -28.952260 -63.432860 28.505524 -64.205891 -31.843503 51.595726
4 22.442285 20.726001 -47.506030 122.846555 19.049145 -47.724062 22.928183 -135.739548 22.977474
9 33.066829 -3.090420 40.600221 6.467255 -46.042709 31.278985 -66.927306 -38.712337 43.359480
8 -29.011913 -30.567994 3.926359 -78.274220 4.107094 45.464535 -68.407732 133.116866 19.647006
3 25.609552 36.366923 70.480360 -4.958605 -67.056471 -10.776847 -5.358049 -74.261606 29.954736
7 14.848752 -11.268835 -27.710188 -6.509693 -7.530634 -50.297461 85.927737 14.326658 -11.786337
4 19.521227 23.108465 -48.092140 123.683491 20.946862 -49.610779 23.693960 -136.404557 23.153475
9 -40.373851 16.574547 49.074335 -1.173807 -19.264055 45.221638 -107.658973 -18.750387 76.350551
9 -43.205159 16.657586 44.560643 5.181109 -15.381610 43.730392 -106.498663 -21.646182 76.601882
7 6.090828 -2.343751 -31.635838 -1.779229 0.585016 -58.879801 88.769264 8.644563 -9.451054
7 8.113197 -4.539102 -30.710280 -2.931780 -1.330279 -56.748177 88.106355 10.085817 -10.045752
6 -76.970002 -8.989518 -9.872569 9.371451 43.835664 69.892303 -110.997348 46.956146 36.773879
8 -21.687735 -33.907183 -1.102844 -76.781512 -1.754211 30.257250 -42.104917 131.516813 15.564340
2 23.465691 55.309464 23.411355 19.137426 -17.665004 -44.565209 1.367972 -82.794367 22.332667
6 -75.916770 -30.473301 -7.986308 7.833765 34.386274 101.381945 -141.504722 89.938544 22.340579
6 -69.226239 -20.457588 24.816024 -32.887878 12.529283 100.390577 -135.071590 91.234760 28.672655
8 -73.181481 1.927397 27.389100 -53.137199 22.278753 73.619094 -112.202023 78.945664 34.360696
4 22.557615 20.632650 -47.483228 122.814807 18.974305 -47.650780 22.900176 -135.715350 22.969810
4 22.024640 21.064484 -47.591213 122.966785 19.321631 -47.991295 23.034457 -135.833331 23.003846
9 -42.240452 14.467838 51.035181 0.733012 -21.935778 48.052466 -107.828162 -19.632979 77.348872
4 35.418882 9.832267 -48.757077 126.334317 12.299040 -42.508957 25.537610 -139.810996 21.654919
7 3.891731 21.212746 -36.638053 12.080180 9.320142 -85.522288 90.639296 -15.680854 0.697096
3 33.685695 14.187443 77.198404 -11.638243 -79.055641 16.490260 -29.056579 -58.257571 36.446227
3 23.692174 36.102143 70.577703 -3.260902 -67.139001 -10.180333 -5.303840 -74.963260 30.475309
9 -6.982779 24.923569 18.284818 16.377960 -2.789049 10.604987 -75.378955 -38.375217 53.334666
3 6.491093 -12.799491 113.275188 -66.302183 -92.359975 89.006186 -125.014988 15.262592 72.441576
6 -76.060554 -14.855687 22.378721 -29.643338 18.125053 94.032988 -129.054494 83.739107 31.338208
4 16.894496 25.283494 -48.614191 124.444384 22.648766 -51.351510 24.438210 -137.035247 23.291602
9 -13.872793 14.699978 21.390375 -8.122469 3.480103 34.639702 -108.853941 -3.698628 60.337674
1 87.890912 14.678781 14.559262 14.188241 -41.747033 -34.134076 14.274453 -82.926248 13.215709
9 -43.423189 17.161233 43.067644 6.204601 -13.871271 42.734649 -106.192961 -22.108847 76.428140
6 -71.912320 -10.838240 86.731699 -71.947813 -37.353944 104.421565 -116.429551 63.493128 53.835474
7 -11.268916 -1.484248 -22.873368 -25.725872 4.843576 -41.644771 61.429557 46.403702 -9.679661
8 -13.207431 -10.644126 -14.764416 -38.304897 -0.692281 -22.108000 36.111572 68.648589 -5.039010
6 -93.038751 -0.714777 -9.139262 8.541596 50.686156 65.886120 -107.434050 46.608294 38.604677
9 -41.582397 19.093253 41.474410 4.163150 -11.595288 40.202903 -106.090163 -21.166657 75.500789
3 11.934110 21.146554 86.063654 -9.080939 -80.645718 17.723204 -28.674098 -60.477324 42.010551
3 43.544638 20.626941 64.498976 3.250407 -72.894866 -4.148056 -2.666396 -80.163432 27.951782
2 31.732269 42.703579 31.652837 19.224403 -32.559565 -33.222018 2.334047 -85.586378 23.720822
7 13.337767 -9.816772 -28.375073 -5.731215 -6.157912 -51.680678 86.412989 13.429764 -11.418869
7 6.397468 -2.682784 -31.494776 -1.957346 0.293078 -58.549603 88.668572 8.869547 -9.544157
4 18.419562 24.017588 -48.311161 124.000563 21.661155 -50.336126 23.999708 -136.665001 23.213716
4 22.202821 20.919622 -47.553944 122.915367 19.204269 -47.876511 22.989106 -135.793259 22.992534
7 7.527313 -3.913840 -30.976717 -2.603642 -0.778658 -57.353668 88.297771 9.679509 -9.878069
8 -16.311958 -20.750661 -7.706487 -54.000775 -3.243550 0.208256 4.347559 94.957968 2.499649
7 13.055233 -9.542749 -28.500379 -5.584004 -5.899918 -51.942127 86.503750 13.259641 -11.349448
7 8.785399 -5.246337 -30.405785 -3.304858 -1.960053 -56.064566 87.886677 10.543777 -10.234255
7 5.666329 -1.866222 -31.833377 -1.529088 0.992940 -59.346038 88.909292 8.325810 -9.319647
4 22.724768 20.497857 -47.449596 122.766170 18.866136 -47.544622 22.857703 -135.677843 22.959432
9 -41.443595 15.009533 51.028726 -0.471119 -21.671962 47.480453 -107.912444 -19.081858 77.062264
4 49.718511 5.851647 -55.336710 124.373809 13.958398 -45.134355 27.153165 -138.650622 18.066163
6 -100.148736 -3.176029 -12.678545 28.236444 50.419094 65.183760 -102.727531 30.163534 44.728012
7 14.863269 -11.282248 -27.703238 -6.518059 -7.544066 -50.284505 85.922702 14.335843 -11.789698
